# x(nm)	average	StDev
# 
1.562000000000000020e-02	1.873499999999999943e+00	1.658312395177617736e-03
3.125000000000000000e-02	1.848749999999999893e+00	1.479019945774891166e-03
4.687999999999999806e-02	1.825499999999999901e+00	1.500000000000019981e-03
6.250000000000000000e-02	1.803249999999999797e+00	1.299038105676621722e-03
7.811999999999999500e-02	1.782499999999999973e+00	8.660254037844394544e-04
9.375000000000000000e-02	1.761749999999999927e+00	1.299038105676707158e-03
1.093999999999999972e-01	1.742999999999999883e+00	1.414213562373096327e-03
1.250000000000000000e-01	1.724250000000000060e+00	1.299038105676621722e-03
1.406000000000000028e-01	1.706500000000000128e+00	1.118033988749871088e-03
1.562000000000000055e-01	1.689749999999999863e+00	1.479019945774891166e-03
1.718999999999999972e-01	1.672999999999999821e+00	7.071067811865481634e-04
1.875000000000000000e-01	1.656500000000000083e+00	1.499999999999946038e-03
2.031000000000000028e-01	1.640249999999999986e+00	1.299038105676621722e-03
2.187999999999999945e-01	1.627250000000000085e+00	1.479019945774891383e-03
2.343999999999999972e-01	1.611499999999999932e+00	5.000000000000559552e-04
2.500000000000000000e-01	1.597249999999999837e+00	4.330127018922677574e-04
2.656000000000000028e-01	1.583250000000000046e+00	1.920286436967186391e-03
2.812000000000000055e-01	1.570999999999999952e+00	2.738612787525812869e-03
2.968999999999999972e-01	1.558000000000000052e+00	1.581138830084191215e-03
3.125000000000000000e-01	1.545500000000000096e+00	1.500000000000019981e-03
3.281000000000000028e-01	1.533250000000000002e+00	1.639359631075505827e-03
3.437999999999999945e-01	1.520999999999999908e+00	2.549509756796394799e-03
3.593999999999999972e-01	1.508999999999999897e+00	1.870828693387002056e-03
3.750000000000000000e-01	1.497500000000000275e+00	1.118033988749920745e-03
3.906000000000000028e-01	1.487749999999999906e+00	1.299038105676696532e-03
4.062000000000000055e-01	1.475499999999999812e+00	1.118033988749920745e-03
4.218999999999999972e-01	1.463999999999999968e+00	1.224744871391544908e-03
4.375000000000000000e-01	1.457250000000000156e+00	2.277608394786091815e-03
4.531000000000000028e-01	1.445249999999999924e+00	1.299038105676696316e-03
4.687999999999999945e-01	1.435499999999999998e+00	1.499999999999982901e-03
4.843999999999999972e-01	1.426249999999999796e+00	2.487468592766560720e-03
5.000000000000000000e-01	1.417249999999999899e+00	8.291561975888422616e-04
5.155999999999999472e-01	1.407249999999999890e+00	8.291561975888422616e-04
5.312000000000000055e-01	1.398499999999999854e+00	1.802775637732042472e-03
5.469000000000000528e-01	1.388999999999999790e+00	2.236067977499792050e-03
5.625000000000000000e-01	1.378249999999999975e+00	2.680951323690844955e-03
5.780999999999999472e-01	1.372249999999999970e+00	2.165063509461095329e-03
5.937999999999999945e-01	1.364750000000000130e+00	1.479019945774891166e-03
6.094000000000000528e-01	1.355750000000000011e+00	1.479019945774919355e-03
6.250000000000000000e-01	1.347500000000000142e+00	2.692582403567285280e-03
6.405999999999999472e-01	1.340500000000000025e+00	4.031128874149271339e-03
6.562000000000000055e-01	1.333250000000000046e+00	2.165063509461101834e-03
6.719000000000000528e-01	1.327250000000000041e+00	1.639359631075505827e-03
6.875000000000000000e-01	1.320750000000000091e+00	2.277608394786091815e-03
7.030999999999999472e-01	1.312249999999999917e+00	2.165063509461095329e-03
7.187999999999999945e-01	1.304750000000000076e+00	3.269174207655539590e-03
7.344000000000000528e-01	1.299500000000000099e+00	1.118033988749871088e-03
7.500000000000000000e-01	1.291250000000000009e+00	1.299038105676621722e-03
7.655999999999999472e-01	1.283749999999999947e+00	2.861380785564909303e-03
7.812000000000000055e-01	1.278250000000000108e+00	4.085033659592022560e-03
7.969000000000000528e-01	1.272499999999999964e+00	5.220153254455264097e-03
8.125000000000000000e-01	1.268999999999999906e+00	2.121320343559592123e-03
8.280999999999999472e-01	1.263749999999999929e+00	1.785357107135756866e-03
8.437999999999999945e-01	1.256499999999999950e+00	2.179449471770338910e-03
8.594000000000000528e-01	1.250250000000000083e+00	1.299038105676589630e-03
8.750000000000000000e-01	1.247249999999999970e+00	1.479019945774891166e-03
8.905999999999999472e-01	1.240750000000000020e+00	2.861380785564909303e-03
9.062000000000000055e-01	1.235500000000000043e+00	1.499999999999982901e-03
9.219000000000000528e-01	1.229749999999999899e+00	1.639359631075497370e-03
9.375000000000000000e-01	1.224000000000000199e+00	1.224744871391635331e-03
9.530999999999999472e-01	1.218750000000000000e+00	2.384848003542345846e-03
9.687999999999999945e-01	1.216500000000000137e+00	2.598076211353318038e-03
9.844000000000000528e-01	1.214000000000000190e+00	3.000000000000002665e-03
1.000000000000000000e+00	1.211749999999999883e+00	2.947456530637899280e-03
1.016000000000000014e+00	1.207000000000000073e+00	1.581138830084191215e-03
1.030999999999999917e+00	1.201999999999999957e+00	1.581138830084191215e-03
1.046999999999999931e+00	1.197500000000000009e+00	1.118033988749920745e-03
1.062000000000000055e+00	1.193000000000000060e+00	1.870828693386942642e-03
1.078000000000000069e+00	1.189500000000000002e+00	1.802775637731950098e-03
1.094000000000000083e+00	1.185249999999999915e+00	3.269174207655471936e-03
1.108999999999999986e+00	1.180499999999999883e+00	3.499999999999979256e-03
1.125000000000000000e+00	1.176249999999999796e+00	3.031088913245526435e-03
1.141000000000000014e+00	1.173749999999999849e+00	2.861380785564933589e-03
1.155999999999999917e+00	1.171249999999999902e+00	2.861380785564933589e-03
1.171999999999999931e+00	1.168499999999999872e+00	2.958039891549810521e-03
1.187999999999999945e+00	1.164500000000000091e+00	2.179449471770338910e-03
1.203000000000000069e+00	1.162249999999999783e+00	2.487468592766515618e-03
1.219000000000000083e+00	1.158749999999999947e+00	2.680951323690932992e-03
1.233999999999999986e+00	1.155999999999999917e+00	3.162277660168382430e-03
1.250000000000000000e+00	1.153000000000000025e+00	4.062019202318039104e-03
1.266000000000000014e+00	1.150250000000000217e+00	4.437059837324680220e-03
1.280999999999999917e+00	1.148500000000000076e+00	4.769696007084732459e-03
1.296999999999999931e+00	1.146249999999999991e+00	4.968651728587975686e-03
1.312000000000000055e+00	1.144249999999999989e+00	4.145780987944218572e-03
1.328000000000000069e+00	1.141499999999999959e+00	3.840572873934307730e-03
1.344000000000000083e+00	1.139750000000000041e+00	1.920286436967121339e-03
1.358999999999999986e+00	1.136500000000000066e+00	2.291287847477909822e-03
1.375000000000000000e+00	1.133249999999999869e+00	1.920286436967121339e-03
1.391000000000000014e+00	1.130749999999999922e+00	1.299038105676621722e-03
1.405999999999999917e+00	1.128749999999999920e+00	8.291561975888590667e-04
1.421999999999999931e+00	1.126249999999999973e+00	1.299038105676621722e-03
1.437999999999999945e+00	1.125249999999999861e+00	1.479019945774891166e-03
1.453000000000000069e+00	1.124500000000000055e+00	2.958039891549716846e-03
1.469000000000000083e+00	1.122000000000000108e+00	1.870828693387002056e-03
1.483999999999999986e+00	1.119750000000000023e+00	2.165063509461101834e-03
1.500000000000000000e+00	1.116750000000000131e+00	1.479019945774891166e-03
1.516000000000000014e+00	1.115750000000000020e+00	1.785357107135756866e-03
1.530999999999999917e+00	1.114500000000000046e+00	2.692582403567305663e-03
1.546999999999999931e+00	1.113250000000000073e+00	3.269174207655543927e-03
1.562000000000000055e+00	1.111500000000000155e+00	3.201562118716470492e-03
1.578000000000000069e+00	1.110000000000000098e+00	3.937003937005866677e-03
1.594000000000000083e+00	1.109250000000000069e+00	3.561951712193756926e-03
1.608999999999999986e+00	1.107750000000000012e+00	3.031088913245526869e-03
1.625000000000000000e+00	1.106999999999999984e+00	3.535533905932740709e-03
1.641000000000000014e+00	1.105750000000000011e+00	3.112474899497205943e-03
1.655999999999999917e+00	1.104750000000000121e+00	3.699662146737232003e-03
1.671999999999999931e+00	1.101999999999999869e+00	2.549509756796350998e-03
1.687999999999999945e+00	1.099250000000000060e+00	1.920286436967128495e-03
1.703000000000000069e+00	1.096750000000000114e+00	1.089724735885201331e-03
1.719000000000000083e+00	1.095499999999999918e+00	1.500000000000019981e-03
1.733999999999999986e+00	1.094500000000000028e+00	2.291287847477934108e-03
1.750000000000000000e+00	1.094500000000000028e+00	2.692582403567223264e-03
1.766000000000000014e+00	1.092999999999999972e+00	2.549509756796438167e-03
1.780999999999999917e+00	1.092000000000000082e+00	2.549509756796351431e-03
1.796999999999999931e+00	1.090500000000000025e+00	3.905124837953366252e-03
1.812000000000000055e+00	1.088999999999999968e+00	3.240370349203967621e-03
1.828000000000000069e+00	1.087250000000000050e+00	2.277608394786061457e-03
1.844000000000000083e+00	1.086749999999999883e+00	2.046338192968158356e-03
1.858999999999999986e+00	1.084249999999999936e+00	1.089724735885201114e-03
1.875000000000000000e+00	1.083000000000000185e+00	1.581138830084191215e-03
1.891000000000000014e+00	1.082000000000000073e+00	1.581138830084191215e-03
1.905999999999999917e+00	1.081250000000000044e+00	1.299038105676621722e-03
1.921999999999999931e+00	1.081250000000000044e+00	1.089724735885137579e-03
1.937999999999999945e+00	1.079749999999999988e+00	1.299038105676707158e-03
1.953000000000000069e+00	1.079499999999999904e+00	1.118033988749871088e-03
1.969000000000000083e+00	1.078749999999999876e+00	1.089724735885201114e-03
1.983999999999999986e+00	1.078750000000000098e+00	1.479019945774891166e-03
2.000000000000000000e+00	1.078500000000000014e+00	2.291287847477934108e-03
2.016000000000000014e+00	1.078249999999999931e+00	2.384848003542386612e-03
2.031000000000000139e+00	1.076500000000000012e+00	2.499999999999946709e-03
2.047000000000000153e+00	1.074500000000000011e+00	1.118033988749920745e-03
2.061999999999999833e+00	1.073500000000000121e+00	8.660254037844394544e-04
2.077999999999999847e+00	1.072750000000000092e+00	1.639359631075497370e-03
2.093999999999999861e+00	1.071250000000000036e+00	1.479019945774919355e-03
2.108999999999999986e+00	1.070500000000000007e+00	1.499999999999982901e-03
2.125000000000000000e+00	1.068999999999999950e+00	1.414213562373096327e-03
2.141000000000000014e+00	1.068749999999999867e+00	1.479019945774891166e-03
2.156000000000000139e+00	1.068000000000000060e+00	1.224744871391635547e-03
2.172000000000000153e+00	1.066500000000000004e+00	1.118033988749920745e-03
2.188000000000000167e+00	1.065499999999999892e+00	8.660254037844395628e-04
2.202999999999999847e+00	1.064750000000000085e+00	8.291561975888422616e-04
2.218999999999999861e+00	1.064500000000000002e+00	4.999999999999449329e-04
2.233999999999999986e+00	1.063499999999999890e+00	5.000000000000559552e-04
2.250000000000000000e+00	1.063250000000000028e+00	1.089724735885137579e-03
2.266000000000000014e+00	1.062500000000000000e+00	1.118033988749920745e-03
2.281000000000000139e+00	1.062249999999999917e+00	1.299038105676696316e-03
2.297000000000000153e+00	1.061250000000000027e+00	4.330127018922678116e-04
2.311999999999999833e+00	1.060999999999999943e+00	7.071067811865481634e-04
2.327999999999999847e+00	1.060499999999999998e+00	1.802775637731950098e-03
2.343999999999999861e+00	1.060499999999999998e+00	2.291287847477934108e-03
2.358999999999999986e+00	1.059750000000000192e+00	1.479019945774919355e-03
2.375000000000000000e+00	1.059000000000000163e+00	1.000000000000000888e-03
2.391000000000000014e+00	1.059499999999999886e+00	1.658312395177701437e-03
2.406000000000000139e+00	1.058749999999999858e+00	1.299038105676696532e-03
2.422000000000000153e+00	1.058499999999999996e+00	1.118033988749920745e-03
2.438000000000000167e+00	1.057749999999999968e+00	8.291561975888590667e-04
2.452999999999999847e+00	1.057999999999999829e+00	2.121320343559644599e-03
2.468999999999999861e+00	1.057249999999999801e+00	2.165063509461101834e-03
2.483999999999999986e+00	1.056999999999999940e+00	2.915475947422652755e-03
2.500000000000000000e+00	1.056750000000000078e+00	3.561951712193753023e-03
2.516000000000000014e+00	1.055749999999999966e+00	3.561951712193756926e-03
2.531000000000000139e+00	1.054750000000000076e+00	3.561951712193753023e-03
2.547000000000000153e+00	1.054000000000000048e+00	2.915475947422652755e-03
2.561999999999999833e+00	1.053250000000000242e+00	3.269174207655544361e-03
2.577999999999999847e+00	1.052750000000000075e+00	2.861380785564894558e-03
2.593999999999999861e+00	1.051749999999999963e+00	2.586020108197111932e-03
2.608999999999999986e+00	1.052000000000000046e+00	2.738612787525812869e-03
2.625000000000000000e+00	1.051750000000000185e+00	2.487468592766560720e-03
2.641000000000000014e+00	1.051000000000000156e+00	2.121320343559644599e-03
2.656000000000000139e+00	1.050750000000000073e+00	2.165063509461095329e-03
2.672000000000000153e+00	1.050249999999999906e+00	2.487468592766588476e-03
2.688000000000000167e+00	1.048999999999999932e+00	2.549509756796351431e-03
2.702999999999999847e+00	1.048000000000000043e+00	2.236067977499792050e-03
2.718999999999999861e+00	1.047000000000000153e+00	2.738612787525853201e-03
2.733999999999999986e+00	1.046499999999999986e+00	2.692582403567223264e-03
2.750000000000000000e+00	1.046250000000000124e+00	2.680951323690876180e-03
2.766000000000000014e+00	1.045749999999999957e+00	2.487468592766560720e-03
2.781000000000000139e+00	1.045250000000000012e+00	2.680951323690932992e-03
2.797000000000000153e+00	1.044499999999999984e+00	2.958039891549810955e-03
2.811999999999999833e+00	1.044249999999999901e+00	2.861380785564894558e-03
2.827999999999999847e+00	1.043250000000000011e+00	2.487468592766515618e-03
2.843999999999999861e+00	1.042999999999999927e+00	2.549509756796351431e-03
2.858999999999999986e+00	1.042749999999999844e+00	2.586020108197106728e-03
2.875000000000000000e+00	1.042999999999999927e+00	2.345207879911693181e-03
2.891000000000000014e+00	1.042499999999999982e+00	2.061552812808872641e-03
2.906000000000000139e+00	1.042499999999999982e+00	1.499999999999982901e-03
2.922000000000000153e+00	1.041749999999999954e+00	1.479019945774919355e-03
2.938000000000000167e+00	1.041499999999999870e+00	1.118033988749871088e-03
2.952999999999999847e+00	1.040999999999999925e+00	1.581138830084191215e-03
2.968999999999999861e+00	1.040499999999999758e+00	1.118033988749920745e-03
2.983999999999999986e+00	1.040249999999999897e+00	1.920286436967121339e-03
3.000000000000000000e+00	1.040000000000000036e+00	1.414213562373096327e-03
3.016000000000000014e+00	1.040000000000000036e+00	1.414213562373096327e-03
3.031000000000000139e+00	1.039250000000000007e+00	1.299038105676707158e-03
3.047000000000000153e+00	1.039499999999999869e+00	1.500000000000019981e-03
3.061999999999999833e+00	1.038749999999999840e+00	1.785357107135671431e-03
3.077999999999999847e+00	1.038499999999999979e+00	1.802775637731950098e-03
3.093999999999999861e+00	1.038000000000000034e+00	1.414213562373096327e-03
3.108999999999999986e+00	1.037500000000000089e+00	1.118033988749871088e-03
3.125000000000000000e+00	1.036999999999999922e+00	1.224744871391544908e-03
3.141000000000000014e+00	1.036499999999999977e+00	1.118033988749920745e-03
3.156000000000000139e+00	1.036249999999999893e+00	1.299038105676696316e-03
3.172000000000000153e+00	1.036250000000000115e+00	1.785357107135733448e-03
3.188000000000000167e+00	1.035499999999999865e+00	2.061552812808845753e-03
3.202999999999999847e+00	1.035000000000000142e+00	1.581138830084191215e-03
3.218999999999999861e+00	1.035250000000000004e+00	1.479019945774919355e-03
3.233999999999999986e+00	1.035000000000000142e+00	1.224744871391635331e-03
3.250000000000000000e+00	1.034999999999999920e+00	1.581138830084191215e-03
3.266000000000000014e+00	1.034749999999999837e+00	1.299038105676696532e-03
3.281000000000000139e+00	1.034000000000000030e+00	1.224744871391544908e-03
3.297000000000000153e+00	1.034000000000000030e+00	1.224744871391544908e-03
3.311999999999999833e+00	1.033749999999999947e+00	1.089724735885137363e-03
3.327999999999999847e+00	1.032999999999999918e+00	1.224744871391635547e-03
3.343999999999999861e+00	1.032499999999999973e+00	8.660254037844395628e-04
3.358999999999999986e+00	1.032000000000000028e+00	1.224744871391544908e-03
3.375000000000000000e+00	1.031750000000000167e+00	1.089724735885137579e-03
3.391000000000000014e+00	1.031000000000000139e+00	1.000000000000000888e-03
3.406000000000000139e+00	1.030750000000000055e+00	1.299038105676696316e-03
3.422000000000000153e+00	1.030249999999999888e+00	1.299038105676696532e-03
3.438000000000000167e+00	1.030249999999999888e+00	1.299038105676696532e-03
3.452999999999999847e+00	1.030499999999999972e+00	1.118033988749920745e-03
3.468999999999999861e+00	1.029999999999999805e+00	1.000000000000000888e-03
3.483999999999999986e+00	1.029749999999999943e+00	8.291561975888590667e-04
3.500000000000000000e+00	1.030249999999999888e+00	1.299038105676696532e-03
3.516000000000000014e+00	1.030000000000000027e+00	1.224744871391635547e-03
3.531000000000000139e+00	1.029499999999999860e+00	1.118033988749871088e-03
3.547000000000000153e+00	1.029249999999999998e+00	8.291561975888590667e-04
3.561999999999999833e+00	1.029000000000000137e+00	1.000000000000000888e-03
3.577999999999999847e+00	1.029000000000000137e+00	1.000000000000000888e-03
3.593999999999999861e+00	1.029000000000000137e+00	1.000000000000000888e-03
3.608999999999999986e+00	1.028250000000000108e+00	1.479019945774891166e-03
3.625000000000000000e+00	1.028000000000000025e+00	1.581138830084191215e-03
3.641000000000000014e+00	1.028000000000000025e+00	1.224744871391544908e-03
3.656000000000000139e+00	1.027749999999999941e+00	1.639359631075505827e-03
3.672000000000000153e+00	1.027499999999999858e+00	1.500000000000019764e-03
3.688000000000000167e+00	1.027249999999999996e+00	1.920286436967128495e-03
3.702999999999999847e+00	1.026499999999999968e+00	1.499999999999982901e-03
3.718999999999999861e+00	1.026250000000000107e+00	1.479019945774891383e-03
3.733999999999999986e+00	1.026000000000000023e+00	1.870828693387002056e-03
3.750000000000000000e+00	1.026000000000000023e+00	1.870828693387002056e-03
3.766000000000000014e+00	1.025249999999999773e+00	2.046338192968069885e-03
3.781000000000000139e+00	1.024750000000000050e+00	1.920286436967121339e-03
3.797000000000000153e+00	1.024750000000000050e+00	1.920286436967121339e-03
3.811999999999999833e+00	1.024000000000000021e+00	2.236067977499791616e-03
3.827999999999999847e+00	1.023749999999999938e+00	1.920286436967186391e-03
3.843999999999999861e+00	1.024000000000000021e+00	2.236067977499791616e-03
3.858999999999999986e+00	1.023749999999999938e+00	2.384848003542345846e-03
3.875000000000000000e+00	1.023249999999999993e+00	2.586020108197111932e-03
3.891000000000000014e+00	1.022999999999999909e+00	2.738612787525812869e-03
3.906000000000000139e+00	1.022749999999999826e+00	2.046338192968158356e-03
3.922000000000000153e+00	1.022999999999999909e+00	1.870828693387002056e-03
3.938000000000000167e+00	1.022250000000000103e+00	1.785357107135671431e-03
3.952999999999999847e+00	1.022499999999999964e+00	1.802775637731950098e-03
3.968999999999999861e+00	1.022499999999999964e+00	1.802775637731950098e-03
3.983999999999999986e+00	1.022499999999999964e+00	2.291287847477934108e-03
4.000000000000000000e+00	1.022499999999999964e+00	2.692582403567305663e-03
