# x(nm^-1)	average	StDev
# 
4.000000000000000000e+00	1.908750000000000169e-01	9.681522349300239472e-03
2.000000000000000000e+00	9.783250000000000279e-02	6.216322767521000568e-03
1.332999999999999963e+00	6.726499999999999146e-02	8.839259018718683423e-04
1.000000000000000000e+00	4.685250000000000525e-02	9.188137732968527536e-04
8.000000000000000444e-01	3.478749999999999898e-02	1.401024178949099091e-03
6.666999999999999593e-01	2.319999999999999840e-02	1.209442020106793426e-03
5.714000000000000190e-01	1.535999999999999865e-02	4.626553793051581590e-04
5.000000000000000000e-01	1.228499999999999905e-02	7.927641515608534412e-04
4.444000000000000172e-01	9.456249999999999378e-03	4.390059082745928682e-04
4.000000000000000222e-01	8.350750000000000534e-03	2.893202161965182360e-04
3.635999999999999788e-01	7.489500000000000497e-03	5.469737196611917191e-04
3.332999999999999852e-01	6.140750000000000375e-03	3.736605244068473162e-04
3.076999999999999735e-01	4.851999999999999542e-03	3.147721398091004956e-04
2.857000000000000095e-01	4.143749999999999864e-03	1.962859839621769638e-04
2.666999999999999926e-01	3.925249999999999920e-03	1.541774545775095840e-04
2.500000000000000000e-01	3.603250000000000116e-03	8.011983212663389801e-05
2.353000000000000091e-01	3.374000000000000263e-03	9.750128204285310289e-05
2.222000000000000086e-01	2.949499999999999865e-03	7.404221768693859109e-05
2.104999999999999927e-01	2.397749999999999708e-03	6.927255950230227350e-05
2.000000000000000111e-01	2.301500000000000160e-03	7.161180070351523986e-05
1.905000000000000027e-01	2.168500000000000288e-03	8.315196930921112020e-05
1.817999999999999894e-01	2.170249999999999870e-03	1.552069183380689102e-04
1.738999999999999990e-01	1.998999999999999909e-03	1.012496913575542193e-04
1.666999999999999871e-01	1.709000000000000016e-03	1.080347166423831071e-04
1.600000000000000033e-01	1.542500000000000034e-03	1.767059704707227885e-05
1.537999999999999923e-01	1.558249999999999956e-03	4.059171713539594606e-05
1.481000000000000094e-01	1.456749999999999929e-03	3.154659252597657938e-05
1.428999999999999992e-01	1.380750000000000033e-03	9.953234398927815138e-05
1.378999999999999948e-01	1.288999999999999998e-03	7.582875444051542094e-06
1.333000000000000018e-01	1.196000000000000014e-03	3.655817282086184686e-05
1.290000000000000036e-01	1.022949999999999901e-03	3.822999476850605599e-05
1.250000000000000000e-01	1.039599999999999899e-03	4.219454941103174128e-05
1.212000000000000022e-01	1.012899999999999955e-03	4.301354437848620090e-05
1.175999999999999962e-01	9.910500000000000472e-04	8.776816051393560592e-06
1.142999999999999988e-01	9.276749999999999840e-04	5.507251469653444724e-05
1.111000000000000043e-01	8.037750000000000623e-04	1.318566930421052946e-05
1.081000000000000016e-01	7.956999999999998796e-04	2.115478669237768171e-05
1.053000000000000047e-01	7.781500000000000222e-04	4.924238519811971921e-05
1.025999999999999968e-01	7.780999999999999939e-04	6.504629120864617304e-05
1.000000000000000056e-01	7.525000000000000222e-04	6.482950717073204599e-05
9.755999999999999395e-02	7.034749999999999554e-04	3.896128687556406372e-05
9.524000000000000521e-02	6.511999999999999993e-04	4.136302696853795465e-05
9.302000000000000546e-02	5.950999999999998825e-04	1.905715088883959768e-05
9.091000000000000469e-02	6.343750000000000647e-04	2.735382742871644897e-05
8.888999999999999679e-02	6.278250000000000410e-04	3.208070876710800379e-05
8.695999999999999563e-02	5.544000000000000317e-04	3.663038356337536326e-05
8.511000000000000509e-02	5.598000000000000545e-04	1.951191943402800745e-05
8.333000000000000129e-02	5.334499999999999832e-04	2.039871319470912777e-05
8.162999999999999423e-02	5.002249999999999752e-04	3.304779682520454364e-05
8.000000000000000167e-02	4.857750000000000306e-04	1.934119631770483949e-05
7.842999999999999972e-02	5.086749999999999909e-04	4.511143840535345167e-05
7.692000000000000226e-02	4.739999999999999747e-04	1.247757989355307735e-05
7.546999999999999542e-02	4.586249999999999940e-04	2.133405434979482936e-05
7.406999999999999695e-02	4.474500000000000070e-04	7.226513682267545148e-06
7.273000000000000298e-02	4.199750000000000033e-04	1.776940840320803696e-05
7.142999999999999350e-02	4.213750000000000373e-04	2.282239853740180649e-05
7.018000000000000627e-02	4.025499999999999998e-04	3.448061049343528652e-05
6.897000000000000353e-02	4.023749999999999549e-04	2.424328515280055367e-05
6.779999999999999916e-02	3.866000000000000187e-04	2.084346420343795696e-05
6.666999999999999316e-02	3.685249999999999724e-04	1.842923967503813651e-05
6.557000000000000328e-02	3.441999999999999639e-04	6.524952107103932013e-06
6.451999999999999402e-02	3.395499999999999864e-04	2.099553523966465703e-05
6.349000000000000477e-02	3.425000000000000310e-04	2.261548142313137035e-05
6.250000000000000000e-02	3.440499999999999873e-04	1.936046228786905460e-05
6.153999999999999748e-02	3.326000000000000072e-04	1.702101642088392803e-05
6.060999999999999721e-02	3.134249999999999883e-04	1.090811051465835088e-05
5.970000000000000306e-02	3.093749999999999712e-04	1.247747971346770191e-06
5.881999999999999729e-02	3.024249999999999920e-04	1.064691856829947198e-05
5.797000000000000069e-02	2.872000000000000421e-04	1.105825483518986606e-05
5.714000000000000329e-02	2.959999999999999849e-04	9.563733580563610494e-06
5.634000000000000119e-02	2.898500000000000252e-04	1.384006864144828024e-05
5.555999999999999828e-02	2.764250000000000105e-04	1.898293641668747983e-05
5.478999999999999843e-02	2.656000000000000049e-04	1.552723413876405011e-05
5.405000000000000082e-02	2.595250000000000334e-04	9.453141012383137011e-06
5.333000000000000240e-02	2.761999999999999915e-04	1.389658231364819849e-05
5.263000000000000317e-02	2.756749999999999652e-04	2.132045672587714908e-05
5.195000000000000312e-02	2.604250000000000011e-04	2.107384338463205299e-05
5.127999999999999919e-02	2.324500000000000123e-04	1.012459875748169923e-05
5.063000000000000139e-02	2.358000000000000124e-04	4.734448225506319728e-06
5.000000000000000278e-02	2.389749999999999947e-04	1.111156492128808921e-05
4.938000000000000028e-02	2.326249999999999759e-04	1.352005454870653414e-05
4.877999999999999697e-02	2.364250000000000141e-04	1.705335377572401136e-05
4.818999999999999673e-02	2.292999999999999899e-04	9.359220052974492351e-06
4.762000000000000260e-02	2.179249999999999981e-04	1.584035589877955396e-05
4.705999999999999767e-02	2.032500000000000073e-04	5.928532702111030253e-06
4.651000000000000273e-02	2.096749999999999873e-04	9.334177789178868935e-06
4.598000000000000004e-02	2.174750000000000142e-04	5.296402080658150258e-06
4.544999999999999735e-02	2.107499999999999998e-04	5.978921307393171461e-06
4.494000000000000078e-02	2.004749999999999805e-04	9.436465175053635582e-06
4.444000000000000034e-02	1.973750000000000135e-04	1.514304708438826701e-05
4.395999999999999908e-02	1.882249999999999809e-04	9.560955757663560468e-06
4.347999999999999782e-02	1.861499999999999982e-04	1.137156541554416118e-05
4.300999999999999962e-02	1.915750000000000081e-04	9.373999946660977045e-06
4.254999999999999755e-02	1.893250000000000076e-04	8.993435105675695037e-06
4.211000000000000160e-02	1.980750000000000035e-04	1.230698480538592675e-05
4.166999999999999871e-02	1.836000000000000175e-04	8.091662375556711091e-06
4.123999999999999888e-02	1.726499999999999953e-04	3.251538097577821885e-06
4.082000000000000212e-02	1.730750000000000192e-04	1.260185998176459122e-05
4.039999999999999841e-02	1.744749999999999990e-04	4.038796231552176299e-06
4.000000000000000083e-02	1.819249999999999904e-04	1.084374819884711232e-05
3.960000000000000325e-02	1.687000000000000077e-04	1.721917535772257892e-06
3.921999999999999792e-02	1.618999999999999780e-04	4.060172410132353319e-06
3.883000000000000340e-02	1.672749999999999866e-04	8.722205856318686158e-06
3.846000000000000113e-02	1.648500000000000226e-04	3.793085815006032621e-06
3.810000000000000192e-02	1.708500000000000058e-04	7.271347880551442369e-06
3.774000000000000271e-02	1.608499999999999795e-04	8.476290462224615326e-06
3.737999999999999656e-02	1.567500000000000154e-04	6.132087735836791680e-06
3.703999999999999654e-02	1.492750000000000099e-04	7.756086319787834852e-06
3.670000000000000345e-02	1.566249999999999988e-04	6.726208069930634694e-06
3.636000000000000343e-02	1.639250000000000136e-04	1.233642979147530356e-06
3.604000000000000259e-02	1.641000000000000043e-04	8.384807690102374423e-06
3.570999999999999869e-02	1.566499999999999859e-04	1.451387267410045794e-05
3.540000000000000091e-02	1.437499999999999976e-04	4.494719123593812817e-06
3.509000000000000313e-02	1.383750000000000160e-04	1.151919593548090798e-05
3.477999999999999842e-02	1.376749999999999990e-04	9.487195317900849441e-06
3.447999999999999676e-02	1.430249999999999935e-04	5.326994931478723882e-06
3.418999999999999817e-02	1.452749999999999940e-04	7.926340580621044619e-06
3.389999999999999958e-02	1.437249999999999834e-04	7.094143711541228891e-06
3.361000000000000099e-02	1.370999999999999986e-04	1.057000473036791090e-05
3.332999999999999852e-02	1.301750000000000064e-04	1.083567602874874678e-05
3.305999999999999911e-02	1.285999999999999817e-04	6.333640343435996798e-06
3.278999999999999970e-02	1.344499999999999884e-04	5.650884886458049150e-06
3.252000000000000030e-02	1.345250000000000037e-04	6.124285672631538951e-06
3.225999999999999701e-02	1.368750000000000066e-04	3.363313098716802399e-06
3.200000000000000067e-02	1.341000000000000070e-04	1.071890852652451138e-05
3.175000000000000044e-02	1.251000000000000050e-04	3.976807765029636715e-06
3.150000000000000022e-02	1.276249999999999986e-04	5.226554792595215536e-06
3.125000000000000000e-02	1.347499999999999956e-04	6.704662556758543904e-06
3.100999999999999937e-02	1.287500000000000124e-04	1.232832105357416744e-05
3.076999999999999874e-02	1.253749999999999982e-04	4.164957982981334447e-06
3.053000000000000158e-02	1.239500000000000042e-04	4.078296212881063986e-06
3.030000000000000054e-02	1.188000000000000010e-04	6.964194138592063194e-06
3.007999999999999910e-02	1.207249999999999936e-04	2.908070666266552640e-06
2.985000000000000153e-02	1.208500000000000101e-04	5.706356105256668372e-06
2.963000000000000009e-02	1.254750000000000006e-04	4.449929774726792555e-06
2.940999999999999864e-02	1.178999999999999927e-04	4.441846462902565020e-06
2.920000000000000026e-02	1.187000000000000121e-04	3.279481666361317882e-06
2.898999999999999841e-02	1.183250000000000030e-04	3.658124519477161476e-06
2.878000000000000003e-02	1.158750000000000112e-04	5.932274015923406746e-06
2.857000000000000164e-02	1.150999999999999924e-04	7.805767098754609533e-06
2.836999999999999938e-02	1.208499999999999966e-04	6.671768880889083891e-06
2.817000000000000060e-02	1.156249999999999916e-04	8.708724074168385941e-06
2.796999999999999834e-02	1.125749999999999987e-04	5.537316588384666400e-06
2.777999999999999914e-02	1.121499999999999884e-04	9.347325820789595982e-06
2.758999999999999994e-02	1.110750000000000029e-04	7.564844677850296718e-06
2.740000000000000074e-02	1.151499999999999936e-04	4.099085263811914825e-06
2.721000000000000155e-02	1.135249999999999812e-04	6.746248957754227276e-06
2.702999999999999847e-02	1.071374999999999953e-04	6.810963129396605461e-06
2.684999999999999887e-02	1.122750000000000050e-04	2.976890155850566137e-06
2.666999999999999926e-02	1.042750000000000003e-04	3.725838831726352680e-06
2.648999999999999966e-02	1.059525000000000126e-04	6.027418083226017763e-06
2.631999999999999965e-02	1.090575000000000040e-04	6.708756870687742972e-06
2.614000000000000004e-02	1.069574999999999937e-04	5.315958873994418167e-06
2.597000000000000003e-02	1.076750000000000016e-04	3.190905044027481877e-06
2.580999999999999961e-02	1.017474999999999944e-04	1.810322830326129148e-06
2.563999999999999960e-02	1.013774999999999963e-04	5.996192020774517328e-06
2.547999999999999918e-02	1.030075000000000061e-04	3.086044191193637741e-06
2.531999999999999876e-02	1.043625000000000092e-04	6.723780093816276757e-06
2.515999999999999834e-02	1.070049999999999962e-04	8.136895906916839628e-06
2.500000000000000139e-02	1.041499999999999972e-04	2.530316185775997688e-06
2.484000000000000097e-02	1.056500000000000066e-04	2.515452245621055760e-06
2.469000000000000014e-02	1.076549999999999984e-04	6.373623380778001408e-06
2.453999999999999931e-02	1.048874999999999948e-04	3.543722442573625047e-06
2.438999999999999849e-02	1.021949999999999931e-04	9.485466514621199077e-06
2.424000000000000113e-02	1.009975000000000033e-04	5.547370435620822673e-06
2.409999999999999989e-02	1.025424999999999893e-04	6.459397707991048650e-06
2.394999999999999907e-02	1.021100000000000100e-04	5.419123545371522723e-06
2.381000000000000130e-02	1.026200000000000034e-04	3.893244148521899250e-06
2.367000000000000007e-02	1.022100000000000124e-04	5.932373049631990034e-06
2.352999999999999883e-02	9.953750000000000033e-05	6.061651487012431704e-06
2.339000000000000107e-02	9.927250000000000202e-05	5.163803709476184364e-06
2.325999999999999943e-02	9.982999999999999795e-05	3.204949297570866331e-06
2.312000000000000166e-02	9.083250000000000829e-05	1.820815407997200120e-06
2.299000000000000002e-02	9.006250000000000041e-05	2.191487793714577091e-06
2.285999999999999838e-02	1.012449999999999971e-04	1.896331985702922191e-06
2.273000000000000020e-02	9.738250000000000487e-05	3.430498323859082810e-06
2.259999999999999856e-02	9.541250000000000848e-05	4.217708945624391208e-06
2.247000000000000039e-02	9.266750000000000681e-05	4.739189672296310014e-06
2.234999999999999834e-02	9.346999999999999786e-05	1.465042661494879436e-06
2.222000000000000017e-02	9.069249999999999946e-05	4.649717061284479914e-06
2.210000000000000159e-02	9.404249999999999957e-05	3.335861020786088671e-06
2.197999999999999954e-02	9.436250000000001006e-05	5.708197504466709317e-06
2.186000000000000096e-02	9.833250000000000085e-05	8.191890425902924173e-06
2.173999999999999891e-02	9.838249999999998851e-05	5.475711711732092020e-06
2.162000000000000033e-02	9.377999999999999997e-05	5.015899719890739055e-06
2.151000000000000134e-02	9.671999999999999554e-05	3.230936396774162439e-06
2.138999999999999929e-02	9.439000000000000938e-05	5.762148036973711423e-06
2.128000000000000030e-02	9.366500000000000531e-05	6.494153139555607833e-06
2.116000000000000172e-02	9.480249999999999907e-05	4.240432613543101984e-06
2.104999999999999927e-02	9.295249999999999476e-05	7.160542489923512992e-06
2.094000000000000028e-02	9.137249999999999973e-05	7.267015807743918864e-06
2.083000000000000129e-02	9.366750000000000401e-05	5.544444854987734531e-06
2.072999999999999843e-02	9.369750000000001558e-05	6.711726212383817996e-06
2.061999999999999944e-02	9.320999999999999696e-05	5.904510987372279566e-06
2.051000000000000045e-02	9.190749999999999376e-05	6.102668985779909473e-06
2.041000000000000106e-02	9.111749999999999624e-05	4.694205870006127647e-06
2.029999999999999860e-02	8.842750000000000675e-05	3.718980875186103373e-06
2.019999999999999921e-02	9.004749999999999463e-05	7.395641875456111507e-06
2.009999999999999981e-02	8.959749999999999724e-05	4.542132621357506939e-06
2.000000000000000042e-02	9.286749999999998457e-05	3.187549019230921530e-06
1.990000000000000102e-02	9.053000000000000229e-05	4.570924414163944479e-06
1.980000000000000163e-02	9.107500000000000469e-05	3.245223412956337977e-06
1.969999999999999876e-02	9.250499999999999608e-05	4.897782661572479531e-06
1.960999999999999896e-02	9.416499999999999035e-05	2.654321947315360355e-06
1.950999999999999956e-02	9.120249999999999288e-05	5.610973066233698575e-06
1.941999999999999976e-02	9.161999999999999355e-05	5.230406293969903330e-06
1.932000000000000037e-02	9.205499999999999870e-05	7.292189314602303343e-06
1.923000000000000057e-02	9.131250000000000369e-05	3.815438212053762078e-06
1.914000000000000076e-02	8.760000000000000154e-05	4.151951348462550642e-06
1.905000000000000096e-02	8.630750000000000672e-05	2.647993344024868348e-06
1.896000000000000116e-02	8.912249999999998569e-05	8.043712995252877854e-06
1.887000000000000136e-02	9.526500000000000354e-05	7.347007894374414152e-06
1.878000000000000155e-02	8.995500000000000186e-05	3.567789932156883067e-06
1.868999999999999828e-02	8.933500000000001119e-05	3.381201709451833712e-06
1.859999999999999848e-02	8.730750000000000392e-05	4.159701762145936575e-06
1.851999999999999827e-02	8.775000000000000519e-05	3.400536722342517151e-06
1.842999999999999847e-02	9.237499999999999563e-05	5.574766811266635346e-06
1.835000000000000173e-02	8.718000000000000217e-05	3.727619884054699931e-06
1.825999999999999845e-02	8.927000000000000419e-05	7.306962433186582806e-06
1.818000000000000171e-02	8.524250000000000251e-05	4.504888317150605559e-06
1.810000000000000150e-02	8.676999999999999763e-05	8.234066431599878431e-06
1.802000000000000129e-02	8.731000000000000262e-05	5.697464348286877282e-06
1.794000000000000108e-02	8.737749999999999478e-05	5.941461836114073993e-06
1.786000000000000087e-02	9.286250000000000071e-05	6.536250358577154826e-06
1.778000000000000067e-02	8.809750000000001499e-05	3.395610217619210568e-06
1.770000000000000046e-02	8.742499999999999729e-05	3.506633000472104273e-06
1.762000000000000025e-02	8.687000000000001361e-05	4.510925625633833457e-06
1.754000000000000004e-02	8.858500000000000651e-05	4.944681486203133146e-06
1.746999999999999942e-02	8.864999999999999996e-05	6.304470635985227054e-06
1.738999999999999921e-02	8.918499999999999399e-05	6.843396452055074753e-06
1.731999999999999859e-02	9.075249999999999550e-05	6.709837460773548233e-06
1.723999999999999838e-02	8.764249999999999309e-05	4.048026525357754965e-06
1.717000000000000123e-02	8.600500000000000072e-05	4.034752160913976497e-06
1.709000000000000102e-02	8.254249999999999110e-05	5.899183735907874653e-06
1.702000000000000041e-02	8.414750000000000029e-05	3.273861443311245759e-06
1.694999999999999979e-02	8.749000000000000429e-05	3.134589287291080140e-06
1.687999999999999917e-02	8.516750000000000069e-05	5.159061809088938598e-06
1.680999999999999855e-02	8.466500000000001694e-05	3.776198485249418442e-06
1.674000000000000141e-02	8.594500000000000468e-05	6.673044657425870374e-06
1.667000000000000079e-02	8.941499999999999687e-05	6.165827195113405832e-06
1.660000000000000017e-02	8.844000000000000028e-05	5.600973129733792763e-06
1.652999999999999955e-02	9.051499999999999650e-05	5.832771639623823262e-06
1.645999999999999894e-02	8.477499999999998708e-05	4.195101309861303184e-06
1.638999999999999832e-02	8.299000000000000333e-05	4.392066711697351956e-06
1.633000000000000076e-02	8.776000000000000001e-05	5.168273406080605789e-06
1.626000000000000015e-02	8.443749999999999921e-05	1.981733773744595350e-06
1.618999999999999953e-02	8.408750000000000425e-05	4.267319855600229909e-06
1.612999999999999851e-02	8.867500000000000057e-05	4.477865004664613010e-06
1.606000000000000136e-02	8.193500000000000750e-05	6.579321773556910552e-06
1.600000000000000033e-02	8.524999999999999863e-05	2.234401485857004150e-06
1.593999999999999931e-02	8.443000000000000309e-05	3.183488652406350095e-06
1.586999999999999869e-02	9.081250000000000509e-05	9.834728008440251304e-07
1.581000000000000114e-02	8.927500000000000160e-05	5.635949343278378713e-06
1.575000000000000011e-02	8.716249999999999768e-05	3.057101364037505980e-06
1.568999999999999909e-02	8.966500000000000295e-05	3.722072675271129733e-06
