# nm	H2O.H	H2O.O	CCl4.Cl	CCl4.C	Na+	Cl-	DDC.T	DDC.HG
# 
-1.980544514789484678e+00	2.736056808007125378e+09	-2.718071625903544903e+09	0.000000000000000000e+00	0.000000000000000000e+00	5.670203123437500000e+07	-6.408706400000000000e+07	0.000000000000000000e+00	0.000000000000000000e+00
-1.960544514789484660e+00	2.719502634967844009e+09	-2.718982268035371780e+09	0.000000000000000000e+00	0.000000000000000000e+00	5.357278006250000000e+07	-5.620135104687500000e+07	0.000000000000000000e+00	0.000000000000000000e+00
-1.940544514789484642e+00	2.722397176029722214e+09	-2.743894834927492619e+09	0.000000000000000000e+00	0.000000000000000000e+00	5.595101095312500000e+07	-5.857958193750000000e+07	0.000000000000000000e+00	0.000000000000000000e+00
-1.920544514789484625e+00	2.704249379259743690e+09	-2.729519698417939663e+09	0.000000000000000000e+00	0.000000000000000000e+00	5.257141968750000000e+07	-6.271019348437500000e+07	0.000000000000000000e+00	0.000000000000000000e+00
-1.900544514789484607e+00	2.741097862665452957e+09	-2.734723367742664337e+09	0.000000000000000000e+00	0.000000000000000000e+00	5.419863029687500000e+07	-6.245985339062500000e+07	0.000000000000000000e+00	0.000000000000000000e+00
-1.880544514789484811e+00	2.739504238934755802e+09	-2.705973094723559380e+09	0.000000000000000000e+00	0.000000000000000000e+00	5.782856165625000000e+07	-6.458774418750000000e+07	0.000000000000000000e+00	0.000000000000000000e+00
-1.860544514789484793e+00	2.736219422673523426e+09	-2.749098504252217293e+09	0.000000000000000000e+00	0.000000000000000000e+00	5.620135104687500000e+07	-6.271019348437500000e+07	0.000000000000000000e+00	0.000000000000000000e+00
-1.840544514789484776e+00	2.718787130435694695e+09	-2.737130064805350304e+09	0.000000000000000000e+00	0.000000000000000000e+00	5.882992203125000000e+07	-5.945577226562500000e+07	0.000000000000000000e+00	0.000000000000000000e+00
-1.820544514789484758e+00	2.730788092815841675e+09	-2.712152452046669960e+09	0.000000000000000000e+00	0.000000000000000000e+00	5.369795010937500000e+07	-5.732788146875000000e+07	0.000000000000000000e+00	0.000000000000000000e+00
-1.800544514789484740e+00	2.716640616839244843e+09	-2.726007221623750687e+09	0.000000000000000000e+00	0.000000000000000000e+00	5.707754137500000000e+07	-5.620135104687500000e+07	0.000000000000000000e+00	0.000000000000000000e+00
-1.780544514789484722e+00	2.721746717364131927e+09	-2.711371901647961617e+09	0.000000000000000000e+00	0.000000000000000000e+00	5.670203123437500000e+07	-6.045713264062500000e+07	0.000000000000000000e+00	0.000000000000000000e+00
-1.760544514789484705e+00	2.715372222441343784e+09	-2.702460617929369926e+09	0.000000000000000000e+00	0.000000000000000000e+00	5.144488926562500000e+07	-5.857958193750000000e+07	0.000000000000000000e+00	0.000000000000000000e+00
-1.740544514789484687e+00	2.703761535260551453e+09	-2.713583461110969543e+09	0.000000000000000000e+00	0.000000000000000000e+00	5.720271142187500000e+07	-5.933060221875000000e+07	0.000000000000000000e+00	0.000000000000000000e+00
-1.720544514789484669e+00	2.733845248544117451e+09	-2.724316029093214989e+09	0.000000000000000000e+00	0.000000000000000000e+00	5.695237132812500000e+07	-5.419863029687500000e+07	0.000000000000000000e+00	0.000000000000000000e+00
-1.700544514789484651e+00	2.714851855508871078e+09	-2.736544652006319046e+09	0.000000000000000000e+00	0.000000000000000000e+00	6.108298287500000000e+07	-5.720271142187500000e+07	0.000000000000000000e+00	0.000000000000000000e+00
-1.680544514789484634e+00	2.726787772022459030e+09	-2.717616304837631226e+09	0.000000000000000000e+00	0.000000000000000000e+00	6.383672390625000000e+07	-6.045713264062500000e+07	0.000000000000000000e+00	0.000000000000000000e+00
-1.660544514789484616e+00	2.736837358405834198e+09	-2.744350155993406296e+09	0.000000000000000000e+00	0.000000000000000000e+00	5.845441189062500000e+07	-6.446257414062500000e+07	0.000000000000000000e+00	0.000000000000000000e+00
-1.640544514789484820e+00	2.723372864028108120e+09	-2.721649148564292908e+09	0.000000000000000000e+00	0.000000000000000000e+00	5.832924184375000000e+07	-5.870475198437500000e+07	0.000000000000000000e+00	0.000000000000000000e+00
-1.620544514789484802e+00	2.715697451774138927e+09	-2.758269971437045574e+09	0.000000000000000000e+00	0.000000000000000000e+00	6.208434325000000000e+07	-5.595101095312500000e+07	0.000000000000000000e+00	0.000000000000000000e+00
-1.600544514789484785e+00	2.723307818161549568e+09	-2.738626119736208439e+09	0.000000000000000000e+00	0.000000000000000000e+00	6.346121376562500000e+07	-5.582584090625000000e+07	0.000000000000000000e+00	0.000000000000000000e+00
-1.580544514789484767e+00	2.733227312811806202e+09	-2.734203000810192108e+09	-9.356461003906249971e+03	0.000000000000000000e+00	6.045713264062500000e+07	-5.432380034375000000e+07	0.000000000000000000e+00	0.000000000000000000e+00
-1.560544514789484749e+00	2.715014470175269127e+09	-2.707208966188181400e+09	0.000000000000000000e+00	0.000000000000000000e+00	6.183400315625000000e+07	-5.607618100000000000e+07	0.000000000000000000e+00	0.000000000000000000e+00
-1.540544514789484731e+00	2.728316349886596680e+09	-2.712802910712260246e+09	0.000000000000000000e+00	0.000000000000000000e+00	6.771699535937500000e+07	-5.845441189062500000e+07	0.000000000000000000e+00	0.000000000000000000e+00
-1.520544514789484714e+00	2.732121533080302238e+09	-2.723925753893860817e+09	-9.356461003906249971e+03	0.000000000000000000e+00	6.396189395312500000e+07	-5.582584090625000000e+07	0.000000000000000000e+00	0.000000000000000000e+00
-1.500544514789484696e+00	2.717095937905158997e+09	-2.713258231778174400e+09	-9.356461003906249971e+03	0.000000000000000000e+00	6.421223404687500000e+07	-5.920543217187500000e+07	0.000000000000000000e+00	0.000000000000000000e+00
-1.480544514789484678e+00	2.728966808552187920e+09	-2.739666853601153851e+09	-1.871292200781249994e+04	0.000000000000000000e+00	5.657686118750000000e+07	-5.645169114062500000e+07	0.000000000000000000e+00	0.000000000000000000e+00
-1.460544514789484660e+00	2.720705983499186993e+09	-2.737325202405027390e+09	-1.871292200781249994e+04	0.000000000000000000e+00	6.083264278125000000e+07	-5.933060221875000000e+07	0.000000000000000000e+00	0.000000000000000000e+00
-1.440544514789484642e+00	2.732739468812613487e+09	-2.734853459475782871e+09	-1.871292200781249994e+04	0.000000000000000000e+00	6.070747273437500000e+07	-6.396189395312500000e+07	0.000000000000000000e+00	0.000000000000000000e+00
-1.420544514789484625e+00	2.718526946969458103e+09	-2.753781806644470215e+09	-2.806938301171874991e+04	3.742334061468750588e+04	6.371155385937500000e+07	-5.757822156250000000e+07	0.000000000000000000e+00	0.000000000000000000e+00
-1.400544514789484607e+00	2.739016394935562611e+09	-2.708705021119039536e+09	-2.806938301171874991e+04	0.000000000000000000e+00	6.346121376562500000e+07	-6.195917320312500000e+07	0.000000000000000000e+00	0.000000000000000000e+00
-1.380544514789484811e+00	2.720868598165584564e+09	-2.751830430647697926e+09	-2.806938301171874991e+04	7.484668122937501175e+04	6.233468334375000000e+07	-6.083264278125000000e+07	0.000000000000000000e+00	0.000000000000000000e+00
-1.360544514789484793e+00	2.720120570700155258e+09	-2.734593276009546280e+09	-2.806938301171874991e+04	7.484668122937501175e+04	6.008162250000000000e+07	-5.882992203125000000e+07	0.000000000000000000e+00	0.000000000000000000e+00
-1.340544514789484776e+00	2.751927999447536469e+09	-2.710591351249252796e+09	-3.742584401562499988e+04	0.000000000000000000e+00	6.746665526562500000e+07	-6.083264278125000000e+07	0.000000000000000000e+00	0.000000000000000000e+00
-1.320544514789484758e+00	2.714298965643118858e+09	-2.738040706937176704e+09	-9.356461003906249971e+03	3.742334061468750588e+04	6.383672390625000000e+07	-5.670203123437500000e+07	0.000000000000000000e+00	0.000000000000000000e+00
-1.300544514789484740e+00	2.720153093633434772e+09	-2.706103186456677437e+09	-9.356461003906249971e+03	0.000000000000000000e+00	6.884352578125000000e+07	-5.870475198437500000e+07	0.000000000000000000e+00	0.000000000000000000e+00
-1.280544514789484722e+00	2.704542085659259796e+09	-2.719177405635049343e+09	-8.420814903515625338e+04	3.742334061468750588e+04	6.496325432812500000e+07	-6.296053357812500000e+07	0.000000000000000000e+00	0.000000000000000000e+00
-1.260544514789484705e+00	2.727600845354447365e+09	-2.735438872274814606e+09	-6.549522702734375343e+04	1.496933624587500235e+05	6.759182531250000000e+07	-5.682720128125000000e+07	0.000000000000000000e+00	0.000000000000000000e+00
-1.240544514789484687e+00	2.718331809369781017e+09	-2.736739789605995655e+09	-4.678230501953125349e+04	7.484668122937501175e+04	6.971971610937500000e+07	-5.695237132812500000e+07	0.000000000000000000e+00	0.000000000000000000e+00
-1.220544514789484669e+00	2.737617908804543018e+09	-2.738365936269972324e+09	-5.613876602343750710e+04	3.742334061468750588e+04	7.134692671875000000e+07	-5.732788146875000000e+07	0.000000000000000000e+00	0.000000000000000000e+00
-1.200544514789484651e+00	2.727405707754770279e+09	-2.732902083479010582e+09	-6.549522702734374616e+04	3.742334061468750588e+04	7.297413732812500000e+07	-6.408706400000000000e+07	0.000000000000000000e+00	0.000000000000000000e+00
-1.180544514789484634e+00	2.707111397388342857e+09	-2.729649790151058197e+09	-4.678230501953125349e+04	0.000000000000000000e+00	7.322447742187500000e+07	-5.945577226562500000e+07	0.000000000000000000e+00	0.000000000000000000e+00
-1.160544514789484616e+00	2.722136992563486099e+09	-2.734268046676751614e+09	-7.485168803124999977e+04	0.000000000000000000e+00	6.796733545312500000e+07	-5.770339160937500000e+07	0.000000000000000000e+00	0.000000000000000000e+00
-1.140544514789484598e+00	2.733520019211322308e+09	-2.734788413609223366e+09	-9.356461003906250698e+04	3.742334061468750588e+04	7.009522625000000000e+07	-5.983128240625000000e+07	0.000000000000000000e+00	0.000000000000000000e+00
-1.120544514789484802e+00	2.711339378714681625e+09	-2.725551900557836533e+09	-1.029210710429687460e+05	2.245400436881250062e+05	7.560270831250000000e+07	-5.607618100000000000e+07	0.000000000000000000e+00	0.000000000000000000e+00
-1.100544514789484785e+00	2.734137954943633080e+09	-2.721063735765261173e+09	-7.485168803124999977e+04	7.484668122937501175e+04	7.247345714062500000e+07	-5.482448053125000000e+07	0.000000000000000000e+00	0.000000000000000000e+00
-1.080544514789484767e+00	2.710396213649575233e+09	-2.739471716001476288e+09	-1.122775320468749997e+05	7.484668122937501175e+04	8.010883000000000000e+07	-5.745305151562500000e+07	0.000000000000000000e+00	0.000000000000000000e+00
-1.060544514789484749e+00	2.746789375989370823e+09	-2.751700338914579868e+09	-1.309904540546874923e+05	1.496933624587500235e+05	7.172243685937500000e+07	-5.995645245312500000e+07	0.000000000000000000e+00	0.000000000000000000e+00
-1.040544514789484731e+00	2.729877450684014320e+09	-2.735634009874491692e+09	-8.420814903515625338e+04	3.742334061468750588e+04	7.885712953125000000e+07	-6.020679254687500000e+07	0.000000000000000000e+00	0.000000000000000000e+00
-1.020544514789484714e+00	2.725779561090793610e+09	-2.722364653096442699e+09	-1.590598370664062677e+05	1.496933624587500235e+05	7.197277695312500000e+07	-5.407346025000000000e+07	0.000000000000000000e+00	-3.390856569843750331e+05
-1.000544514789484696e+00	2.711079195248445511e+09	-2.743504559728138447e+09	-1.029210710429687460e+05	7.484668122937501175e+04	7.460134793750000000e+07	-5.995645245312500000e+07	0.000000000000000000e+00	-4.521142093125000247e+05
-9.805445147894845670e-01	2.725974698690470695e+09	-2.742138596530397415e+09	-1.590598370664062386e+05	2.619633843028124829e+05	8.123536042187500000e+07	-6.120815292187500000e+07	0.000000000000000000e+00	-7.911998662968750577e+05
-9.605445147894845492e-01	2.709810800850543976e+09	-2.736284468540081978e+09	-1.403469150585937605e+05	1.122700218440625031e+05	8.236189084375000000e+07	-5.081903903125000000e+07	7.259862718749999658e+03	-9.042284186249999329e+05
-9.405445147894845315e-01	2.729031854418746948e+09	-2.751245017848666668e+09	-1.403469150585937605e+05	3.368100655321875820e+05	7.860678943750000000e+07	-5.494965057812500000e+07	7.259862718749999658e+03	-5.283427678593749879e+05
-9.205445147894846247e-01	2.732316670679979324e+09	-2.735308780541696072e+09	-1.777727590742187458e+05	1.122700218440625031e+05	8.098502032812500000e+07	-5.369795010937500000e+07	2.903945087500000227e+04	-4.547427802968749893e+05
-9.005445147894846070e-01	2.725714515224234581e+09	-2.745586027458028316e+09	-1.216339930507812533e+05	1.871167030734375003e+05	8.586665215625000000e+07	-5.419863029687500000e+07	3.629931359374999738e+04	-1.038285538828124991e+06
-8.805445147894845892e-01	2.714364011509678364e+09	-2.737065018938791275e+09	-7.485168803124999977e+04	1.122700218440625031e+05	8.599182220312500000e+07	-5.119454917187500000e+07	-1.602176600000000326e+04	-1.942513957453124924e+06
-8.605445147894845714e-01	2.748220385053669930e+09	-2.728674102152671814e+09	-7.485168803124999977e+04	1.871167030734375003e+05	8.474012173437500000e+07	-4.944216851562500000e+07	-8.761903281249993597e+03	-3.167428036171874963e+06
-8.405445147894845537e-01	2.713030571245217323e+09	-2.755538045041564465e+09	-7.485168803124999977e+04	7.484668122937501175e+04	8.987209365625000000e+07	-4.819046804687500000e+07	1.276734478125000714e+04	-2.623313842406250536e+06
-8.205445147894845359e-01	2.733032175212129116e+09	-2.753066302112320423e+09	-1.309904540546875069e+05	1.122700218440625031e+05	9.625576604687500000e+07	-4.718910767187500000e+07	-1.658503121093749942e+05	-5.522627638171875849e+06
-8.005445147894846292e-01	2.719535157901124001e+09	-2.753651714911352158e+09	-1.216339930507812533e+05	3.742334061468750588e+04	9.663127618750000000e+07	-4.906665837500000000e+07	-3.251291967578125186e+05	-5.659313329359374940e+06
-7.805445147894846114e-01	2.734268046676751137e+09	-2.740512449866421223e+09	-7.485168803124999977e+04	3.742334061468750588e+04	9.713195637500000000e+07	-4.418502654687500000e+07	-7.885712953124992055e+03	-4.061142170859375503e+06
-7.605445147894845936e-01	2.735243734675137043e+09	-2.765490062625101089e+09	-1.403469150585937605e+05	3.742334061468750588e+04	1.052680094218750000e+08	-4.681359753125000000e+07	-2.082829579999999842e+05	-6.266513226750000380e+06
-7.405445147894845759e-01	2.727210570155093193e+09	-2.748578137319745064e+09	-1.309904540546875069e+05	7.484668122937501175e+04	1.061441997500000000e+08	-4.668842748437500000e+07	-8.955916853906246251e+04	-9.828226910578126088e+06
-7.205445147894845581e-01	2.727243093088372231e+09	-2.758985475969194889e+09	-7.485168803124999977e+04	0.000000000000000000e+00	9.713195637500000000e+07	-4.380951640625000000e+07	-1.002612075468749390e+05	-8.950284201796874404e+06
-7.005445147894845404e-01	2.719340020301446438e+09	-2.783637859395079613e+09	-1.029210710429687606e+05	7.484668122937501175e+04	1.164081435937500000e+08	-3.780135415625000000e+07	-7.291155230468745867e+04	-1.122662667426562682e+07
-6.805445147894846336e-01	2.739992082933948517e+09	-2.760676668499730587e+09	-4.678230501953125349e+04	3.742334061468750588e+04	1.100244712031250000e+08	-3.780135415625000000e+07	-4.235128536015624413e+05	-1.513531172803124972e+07
-6.605445147894846158e-01	2.721031212831981659e+09	-2.743309422128460884e+09	-1.029210710429687606e+05	2.619633843028124829e+05	1.121523620000000000e+08	-3.755101406250000000e+07	-9.114882813437501900e+05	-1.579771161609375104e+07
-6.405445147894845981e-01	2.738170798670294762e+09	-2.779865199134654045e+09	-9.356461003906250698e+04	1.496933624587500235e+05	1.136544025625000000e+08	-3.742584401562500000e+07	-6.388053342265624087e+05	-1.442034042028124817e+07
-6.205445147894845803e-01	2.724673781359289646e+09	-2.736739789605995655e+09	-7.485168803124999977e+04	3.742334061468750588e+04	1.225414758906250000e+08	-3.266938223437500000e+07	-1.426813364328125026e+06	-1.707782568548437580e+07
-6.005445147894845626e-01	2.724185937360096931e+09	-2.737325202405027390e+09	-4.678230501953125349e+04	0.000000000000000000e+00	1.241686865000000000e+08	-3.141768176562500000e+07	-7.526474918593749171e+05	-2.450353871634375304e+07
-5.805445147894845448e-01	2.724901441892246246e+09	-2.736999973072231770e+09	-8.420814903515625338e+04	0.000000000000000000e+00	1.215401155156250000e+08	-3.066666148437500000e+07	-1.832927581414062297e+06	-3.175313749125000089e+07
-5.605445147894845270e-01	2.722136992563486099e+09	-2.762042631697470665e+09	-1.590598370664062386e+05	3.742334061468750588e+04	1.262965772968750000e+08	-2.954013106250000000e+07	-1.469120840171874966e+06	-4.162605010856249928e+07
-5.405445147894846203e-01	2.716217818706611633e+09	-2.753261439711997509e+09	-1.122775320468749997e+05	2.245400436881250062e+05	1.331809298750000000e+08	-2.703673012500000000e+07	-2.499145155906250235e+06	-4.172593580596874654e+07
-5.205445147894846025e-01	2.713941213377043724e+09	-2.757359329305218697e+09	-1.871292200781250140e+05	2.245400436881250353e+05	1.320543994531250000e+08	-2.791292045312500000e+07	-2.852500198234374635e+06	-4.268799278625000268e+07
-5.005445147894845848e-01	2.708867635785437584e+09	-2.744675385326201439e+09	-1.964856810820312530e+05	7.484668122937501175e+04	1.348081404843750000e+08	-2.365713885937500000e+07	-3.123243009624999017e+06	-5.404341943874999881e+07
-4.805445147894846225e-01	2.701517452864263058e+09	-2.734398138409869194e+09	-2.432679861015625065e+05	1.122700218440625031e+05	1.355591607656250000e+08	-2.453332918750000000e+07	-3.498940905320311897e+06	-5.395141945429687202e+07
-4.605445147894846047e-01	2.708705021119040012e+09	-2.700704379532275200e+09	-3.836149011601562379e+05	3.742334061468750588e+04	1.270475975781250000e+08	-2.253060843750000000e+07	-4.197014256742186844e+06	-6.136661820121875405e+07
-4.405445147894846425e-01	2.679727087566977501e+09	-2.693614380077337265e+09	-3.461890571445312817e+05	1.496933624587500235e+05	1.333060999218750000e+08	-1.764897660937500000e+07	-5.180287559968749061e+06	-6.177930384576561302e+07
-4.205445147894846247e-01	2.679076628901386738e+09	-2.672409427579082966e+09	-4.491101281874999986e+05	7.484668122937501175e+04	1.227918159843750000e+08	-2.102856787500000000e+07	-5.975868377906249836e+06	-7.570021577901563048e+07
-4.005445147894846070e-01	2.654261630809103966e+09	-2.661611813730278969e+09	-8.327250293476562947e+05	4.865034279909374891e+05	1.289251482812500000e+08	-1.827482684375000000e+07	-7.786953786140623502e+06	-7.470661594692187011e+07
-3.805445147894846447e-01	2.656700850805069447e+09	-2.639431173233638287e+09	-8.327250293476562947e+05	1.871167030734375003e+05	1.166584836875000000e+08	-1.990203745312500000e+07	-7.469084452101561241e+06	-9.005747049567186832e+07
-3.605445147894846269e-01	2.624925944990967274e+09	-2.607103377553784370e+09	-1.375399767574218800e+06	6.361967904496875126e+05	1.116516818125000000e+08	-1.915101717187500000e+07	-1.018690167989843711e+07	-9.740169782601562142e+07
-3.405445147894846092e-01	2.603298194360078812e+09	-2.581475306129513264e+09	-1.534459604640624952e+06	5.987734498350000940e+05	1.122775320468750000e+08	-2.077822778125000000e+07	-1.201363334399218485e+07	-9.434729834217186272e+07
-3.205445147894846469e-01	2.584467415991230488e+09	-2.571458242679417610e+09	-2.180055413910156116e+06	7.858901529084375361e+05	9.963535731250000000e+07	-1.752380656250000000e+07	-1.317646307946093753e+07	-9.267552719610938430e+07
-3.005445147894846292e-01	2.550415904847561359e+09	-2.557213197902983189e+09	-2.629165542097656056e+06	1.459510283972812584e+06	9.312651487500000000e+07	-1.802448675000000000e+07	-1.483865871693749912e+07	-9.635552657423436642e+07
-2.805445147894846114e-01	2.518250723834104538e+09	-2.513827604908088207e+09	-3.190553202332031447e+06	2.058283733807812911e+06	8.837005309375000000e+07	-2.040271764062500000e+07	-1.606620136664062366e+07	-9.709152644985936582e+07
-2.605445147894846492e-01	2.485890405220971107e+09	-2.463286966591696739e+09	-4.257189756777343340e+06	2.095707074422500329e+06	7.835644934375000000e+07	-1.927618721875000000e+07	-1.926654912514062598e+07	-9.960706888190625608e+07
-2.405445147894846036e-01	2.457205178068424225e+09	-2.407347521350903034e+09	-6.034917347519530915e+06	2.282823777495937422e+06	7.134692671875000000e+07	-2.228026834375000000e+07	-1.907115868196874857e+07	-8.705301386053125560e+07
-2.205445147894845859e-01	2.395086375504519939e+09	-2.380938899527924061e+09	-7.298039583046875894e+06	3.180983952248438261e+06	6.508842437500000000e+07	-2.015237754687500000e+07	-2.281793628010156378e+07	-9.836638337728124857e+07
-2.005445147894845959e-01	2.353652158506397247e+09	-2.328642022814437389e+09	-9.010271946761718020e+06	5.576077751588438638e+06	6.083264278125000000e+07	-2.090339782812500000e+07	-2.058646726943749934e+07	-8.263701460678124428e+07
-1.805445147894846059e-01	2.293354640206145763e+09	-2.270556063977194786e+09	-1.132131781472656317e+07	5.912887817120624706e+06	5.157005931250000000e+07	-2.027754759375000000e+07	-2.713861854315625131e+07	-9.074615609357811511e+07
-1.605445147894845881e-01	2.221544003524940968e+09	-2.200111390493730068e+09	-1.295869849041015469e+07	8.233134935231250711e+06	4.581223715625000000e+07	-2.002720750000000000e+07	-2.385277964264062047e+07	-6.739393146839061379e+07
-1.405445147894845981e-01	2.135813551400096655e+09	-2.132853964471659660e+09	-1.679484750201171637e+07	9.804915241048125550e+06	3.604897350000000000e+07	-2.027754759375000000e+07	-2.875381282803124562e+07	-7.299541623609375954e+07
-1.205445147894846220e-01	2.051026264340358973e+09	-2.042114980621767282e+09	-2.111753248581640422e+07	1.388405936804906465e+07	3.342040251562500000e+07	-1.839999689062500000e+07	-3.028677039210937172e+07	-8.030547214364063740e+07
-1.005445147894846042e-01	1.978597691926842690e+09	-1.951245905038756847e+09	-2.446714552521484345e+07	1.519387628956312686e+07	2.703673012500000000e+07	-2.015237754687500000e+07	-2.800654764818749204e+07	-5.489507643768748641e+07
-8.054451478948461418e-02	1.859238526790962934e+09	-1.870719122238637447e+09	-2.915473248817187548e+07	2.211719430328031629e+07	2.415781904687500000e+07	-1.915101717187500000e+07	-3.252437273507031053e+07	-4.426776394785937667e+07
-6.054451478948461030e-02	1.754937479763506413e+09	-1.779980138388745308e+09	-3.501187707661718875e+07	2.395093799340000004e+07	1.877550703125000000e+07	-2.065305773437500000e+07	-2.900277605126561970e+07	-3.496262266317187250e+07
-4.054451478948460641e-02	1.658994826588889122e+09	-1.653530973797927856e+09	-4.403150548438280821e+07	2.956443908560312539e+07	1.451972543750000000e+07	-1.552108581250000000e+07	-3.375804871707030386e+07	-3.601667962790624797e+07
-2.054451478948460599e-02	1.528903093470764160e+09	-1.540871532917631626e+09	-5.022548266896875203e+07	3.734849393345812708e+07	1.139047426562500000e+07	-1.477006553125000000e+07	-3.397665820393750072e+07	-3.841393636565624923e+07
-5.445147894846055769e-04	1.417414478188530922e+09	-1.413121450995632887e+09	-5.738317533695703000e+07	4.326138175057875365e+07	8.386393140625000000e+06	-1.164081435937500000e+07	-3.318464473233594000e+07	-2.875656656906249002e+07
1.945548521051539484e-02	1.285891736006106615e+09	-1.279712378682995796e+09	-6.841444286056250334e+07	5.336568371654437482e+07	6.008162250000000000e+06	-1.139047426562500000e+07	-2.920142091565624624e+07	-2.052913938796874508e+07
3.945548521051539526e-02	1.167248075402376652e+09	-1.169654772465062141e+09	-7.723758558724609017e+07	6.582765614123532176e+07	4.756461781250000000e+06	-1.351836506250000000e+07	-3.292666926572655886e+07	-1.810033979840624705e+07
5.945548521051539914e-02	1.032603131625117302e+09	-1.030196434562431812e+09	-8.876474554405859113e+07	7.162827393651187420e+07	4.756461781250000000e+06	-9.512923562500000000e+06	-3.293511824389062822e+07	-1.488034034254687279e+07
7.945548521051538915e-02	9.305786899272277355e+08	-9.161710304843953848e+08	-9.894457511630856991e+07	8.446447976734969020e+07	3.379591265625000000e+06	-7.259862718750000000e+06	-2.739340217357031628e+07	-1.274594070323437452e+07
9.945548521051539304e-02	8.089103965285012722e+08	-7.934945261540033817e+08	-1.096015841997578144e+08	1.009307496378121972e+08	2.503400937500000000e+06	-6.133332296875000000e+06	-2.692883354459375143e+07	-8.779427087812498212e+06
1.194554852105153969e-01	7.107887068241554499e+08	-7.037312303024971485e+08	-1.218772610368828177e+08	1.167233993772103190e+08	1.001360375000000000e+06	-3.004081125000000000e+06	-2.436916867102343962e+07	-3.953370760499998461e+06
1.394554852105154008e-01	6.142606408505067825e+08	-5.921125232871459723e+08	-1.349575935203437507e+08	1.309068454701768905e+08	8.761903281250000000e+05	-2.378230890625000000e+06	-2.518358758101562411e+07	-1.719085423781250603e+06
1.594554852105154186e-01	5.240095009998075366e+08	-5.097644562233728170e+08	-1.503863977157851458e+08	1.483835455372359455e+08	3.755101406250000000e+05	-2.002720750000000000e+06	-2.245794722528906539e+07	-3.075428051718750503e+06
1.794554852105154086e-01	4.540526715155358315e+08	-4.108296931870387793e+08	-1.617170719915156364e+08	1.598350877653303146e+08	1.251700468750000000e+05	-1.251700468750000000e+06	-1.549786676880468801e+07	-3.114856616484375671e+06
1.994554852105153986e-01	3.759651087113812566e+08	-3.518330922179690599e+08	-1.722430906209101677e+08	1.769001310856277943e+08	7.510202812500000000e+05	-1.251700468750000000e+06	-1.880398321691406891e+07	-3.007085206125000026e+06
2.194554852105154163e-01	3.059432333605504632e+08	-2.818437398004177809e+08	-1.844906980750234425e+08	1.904473803881447017e+08	1.251700468750000000e+05	-1.251700468750000000e+05	-1.404013640289843641e+07	-2.081828219624999911e+06
2.394554852105154064e-01	2.583621819725962281e+08	-2.279207164229550064e+08	-1.966634538411054611e+08	2.062026067869281471e+08	1.251700468750000000e+05	-3.755101406250000000e+05	-1.155864022360156104e+07	-1.006742687015624600e+06
2.594554852105153686e-01	2.086996628547520638e+08	-1.847302610277374983e+08	-2.068339269523515403e+08	2.212467897140325308e+08	0.000000000000000000e+00	0.000000000000000000e+00	-9.662063673351563513e+06	-9.094855605937499786e+05
2.794554852105153864e-01	1.686314090543695092e+08	-1.371166867065037489e+08	-2.157506342890742123e+08	2.325112152390534282e+08	1.251700468750000000e+05	0.000000000000000000e+00	-9.612871844929687679e+06	-1.190742655921874801e+06
2.994554852105154041e-01	1.330187971132828295e+08	-1.042034782276181281e+08	-2.259772461663437486e+08	2.434388306985422373e+08	1.251700468750000000e+05	-1.251700468750000000e+05	-5.848945950375000946e+06	-2.628570984374935506e+03
3.194554852105153664e-01	1.043010470274567306e+08	-8.319366332904094458e+07	-2.281198757362382710e+08	2.526075491491406560e+08	0.000000000000000000e+00	-2.503400937500000000e+05	-4.960488957656249404e+06	-4.915427740781250177e+05
3.394554852105153842e-01	8.143742493194624782e+07	-6.335467402852687240e+07	-2.349033099640702903e+08	2.614768808748215735e+08	0.000000000000000000e+00	-1.251700468750000000e+05	-4.427201972945312969e+06	-5.099427709687500028e+05
3.594554852105154019e-01	6.465559135970813036e+07	-4.943485858488749713e+07	-2.423884787671953142e+08	2.652566382769050300e+08	0.000000000000000000e+00	-2.503400937500000000e+05	-3.075428051718752831e+06	-5.782856165624997811e+04
3.794554852105153642e-01	4.715825325532031059e+07	-3.466944687598031759e+07	-2.463930440768671930e+08	2.663419151547309160e+08	0.000000000000000000e+00	0.000000000000000000e+00	-1.344326303437502123e+06	1.839999689062499965e+04
3.994554852105153819e-01	3.457187807614171505e+07	-2.471742929244374856e+07	-2.503882529255351424e+08	2.690363956789885163e+08	0.000000000000000000e+00	0.000000000000000000e+00	3.365634805398439057e+06	3.942856476562500466e+05
4.194554852105153997e-01	2.790467675383780897e+07	-1.704201703847437352e+07	-2.542805407031601667e+08	2.674646153731715977e+08	0.000000000000000000e+00	0.000000000000000000e+00	3.281207608781249728e+06	-9.462855543750000652e+04
4.394554852105153619e-01	1.928609943476203084e+07	-1.203348531342656352e+07	-2.555530193996913731e+08	2.634977412680147290e+08	0.000000000000000000e+00	0.000000000000000000e+00	4.168412901031248271e+06	-2.260571046562500123e+05
4.594554852105153797e-01	1.580614557385218889e+07	-9.431650651064062491e+06	-2.595762976313710809e+08	2.722173796312369108e+08	0.000000000000000000e+00	0.000000000000000000e+00	6.188281947453125380e+06	0.000000000000000000e+00
4.794554852105153975e-01	9.886971716977499425e+06	-6.049265589992811903e+06	-2.606055083418007791e+08	2.629363911587944031e+08	0.000000000000000000e+00	0.000000000000000000e+00	5.211517486664063297e+06	-1.130285523281250062e+05
4.994554852105153597e-01	6.992430655099218711e+06	-4.423118926016249694e+06	-2.610452620089843571e+08	2.546284095423337817e+08	0.000000000000000000e+00	0.000000000000000000e+00	6.064676526164064184e+06	0.000000000000000000e+00
5.194554852105154330e-01	6.016742656713280827e+06	-2.862018128598750103e+06	-2.618124918113046885e+08	2.591192104160962701e+08	0.000000000000000000e+00	0.000000000000000000e+00	3.438358602632812224e+06	0.000000000000000000e+00
5.394554852105154508e-01	3.870229060264218599e+06	-2.731926395480625331e+06	-2.644884396584218740e+08	2.649572515519875288e+08	0.000000000000000000e+00	0.000000000000000000e+00	6.473982579445311800e+06	0.000000000000000000e+00
5.594554852105154685e-01	2.439219995964843780e+06	-1.626146663976562209e+06	-2.660135428020585775e+08	2.585578603068759441e+08	0.000000000000000000e+00	0.000000000000000000e+00	6.471354008460936137e+06	0.000000000000000000e+00
5.794554852105154863e-01	2.179036529728593770e+06	-1.431009064299375052e+06	-2.665749304622929692e+08	2.525327024679112732e+08	0.000000000000000000e+00	0.000000000000000000e+00	4.139936715367187746e+06	0.000000000000000000e+00
5.994554852105153930e-01	1.463531997578906361e+06	-5.854127990315625211e+05	-2.657983441989687681e+08	2.566118465949122310e+08	0.000000000000000000e+00	0.000000000000000000e+00	2.467664889117186889e+06	0.000000000000000000e+00
6.194554852105154108e-01	1.593623730697031133e+06	-1.040733864945000038e+06	-2.693912252244687080e+08	2.604664506782250404e+08	0.000000000000000000e+00	0.000000000000000000e+00	3.987104088132811710e+06	0.000000000000000000e+00
6.394554852105154286e-01	1.105779731504062423e+06	-5.203669324725000188e+05	-2.688017681812226772e+08	2.596805605253165960e+08	0.000000000000000000e+00	0.000000000000000000e+00	3.731506852414063178e+06	0.000000000000000000e+00
6.594554852105154463e-01	6.504586655906250235e+05	-7.155045321496875258e+05	-2.726285607318202853e+08	2.618511142809684575e+08	0.000000000000000000e+00	0.000000000000000000e+00	3.707474203414061572e+06	0.000000000000000000e+00
6.794554852105154641e-01	5.203669324725000188e+05	-8.455962652678125305e+05	-2.719923213835546970e+08	2.692609357226765752e+08	0.000000000000000000e+00	0.000000000000000000e+00	1.396397042937499937e+06	0.000000000000000000e+00
6.994554852105154819e-01	5.203669324725000188e+05	-7.155045321496875258e+05	-2.757629751681288481e+08	2.691486657008325458e+08	0.000000000000000000e+00	0.000000000000000000e+00	2.142285352265624329e+06	0.000000000000000000e+00
7.194554852105154996e-01	4.878439991929687676e+05	-5.203669324725000188e+05	-2.790377365194960833e+08	2.779431507452840805e+08	0.000000000000000000e+00	0.000000000000000000e+00	2.274402336742187385e+06	0.000000000000000000e+00
7.394554852105154064e-01	5.203669324725000188e+05	-3.252293327953125117e+05	-2.777091190569413900e+08	2.816480614661381841e+08	0.000000000000000000e+00	0.000000000000000000e+00	1.073520907023437787e+06	0.000000000000000000e+00
7.594554852105154241e-01	4.878439991929687676e+05	-5.854127990315625211e+05	-2.822470026438359022e+08	2.828830317064228654e+08	0.000000000000000000e+00	0.000000000000000000e+00	1.485518116312500322e+06	0.000000000000000000e+00
7.794554852105154419e-01	5.203669324725000188e+05	-3.902751993543750141e+05	-2.862234985704960823e+08	2.888707662047728300e+08	0.000000000000000000e+00	0.000000000000000000e+00	2.159809158828125801e+06	0.000000000000000000e+00
7.994554852105154596e-01	6.179357323110937141e+05	-4.553210659134375164e+05	-2.870094412948242426e+08	2.932118737160766125e+08	0.000000000000000000e+00	0.000000000000000000e+00	3.715046991249996354e+05	0.000000000000000000e+00
8.194554852105154774e-01	4.553210659134375164e+05	-5.854127990315625211e+05	-2.864761230176015496e+08	2.980020613147565722e+08	0.000000000000000000e+00	0.000000000000000000e+00	-2.202992825000044104e+04	0.000000000000000000e+00
8.394554852105154952e-01	3.252293327953125117e+05	-1.300917331181250047e+05	-2.900035088160742521e+08	3.013327386294637322e+08	0.000000000000000000e+00	0.000000000000000000e+00	2.033888091671874514e+06	0.000000000000000000e+00
8.594554852105154019e-01	2.927063995157812606e+05	-2.601834662362500094e+05	-2.901999944971562624e+08	2.985259880833622217e+08	0.000000000000000000e+00	0.000000000000000000e+00	5.555046680312500102e+05	0.000000000000000000e+00
8.794554852105154197e-01	3.252293327953125117e+05	-6.504586655906250235e+05	-2.940922822747812271e+08	3.041394891755653024e+08	0.000000000000000000e+00	0.000000000000000000e+00	1.290252843187499559e+06	0.000000000000000000e+00
8.994554852105154374e-01	3.252293327953125117e+05	-6.504586655906250235e+04	-2.920245043929179907e+08	2.965799743713984489e+08	0.000000000000000000e+00	0.000000000000000000e+00	9.746991550156244775e+05	0.000000000000000000e+00
9.194554852105154552e-01	3.902751993543750141e+05	-3.252293327953125117e+05	-2.892082096307421923e+08	2.942223039126731157e+08	0.000000000000000000e+00	0.000000000000000000e+00	6.524488693359371973e+05	0.000000000000000000e+00
9.394554852105154730e-01	2.927063995157812606e+05	-1.951375996771875070e+05	-2.906678175473515391e+08	2.987505281270502806e+08	0.000000000000000000e+00	0.000000000000000000e+00	1.219406596656250069e+06	0.000000000000000000e+00
9.594554852105154907e-01	2.276605329567187582e+05	-3.252293327953125117e+05	-2.906958869303632975e+08	2.965051276901690960e+08	0.000000000000000000e+00	0.000000000000000000e+00	1.384443303460937459e+06	0.000000000000000000e+00
9.794554852105153975e-01	2.927063995157812606e+05	-5.854127990315625211e+05	-2.910327195265039206e+08	2.982266013584446907e+08	0.000000000000000000e+00	0.000000000000000000e+00	4.457305369218746782e+05	0.000000000000000000e+00
9.994554852105154152e-01	2.276605329567187582e+05	-1.300917331181250047e+05	-2.896947456029453278e+08	2.857646289337537289e+08	0.000000000000000000e+00	0.000000000000000000e+00	5.396706571015623631e+05	0.000000000000000000e+00
1.019455485210515322e+00	1.626146663976562559e+05	-6.504586655906250235e+04	-2.889742981056445241e+08	2.924634069037827849e+08	0.000000000000000000e+00	0.000000000000000000e+00	2.647972341640623054e+05	0.000000000000000000e+00
1.039455485210515340e+00	2.601834662362500094e+05	-3.252293327953125117e+05	-2.899754394330625534e+08	2.846045053746984601e+08	0.000000000000000000e+00	0.000000000000000000e+00	7.480162001250002068e+05	0.000000000000000000e+00
1.059455485210515358e+00	3.252293327953125117e+05	-2.601834662362500094e+05	-2.876737500261015892e+08	2.852032788245334625e+08	0.000000000000000000e+00	0.000000000000000000e+00	3.838339487421873491e+05	0.000000000000000000e+00
1.079455485210515375e+00	9.756879983859375352e+04	-6.504586655906250235e+04	-2.884690492114335895e+08	2.793652376886422038e+08	0.000000000000000000e+00	0.000000000000000000e+00	4.402856398828123929e+05	0.000000000000000000e+00
1.099455485210515393e+00	6.504586655906250235e+04	-1.300917331181250047e+05	-2.881415730762968659e+08	2.766333338237700462e+08	0.000000000000000000e+00	0.000000000000000000e+00	6.836162110078122932e+05	0.000000000000000000e+00
1.119455485210515411e+00	2.276605329567187582e+05	-3.252293327953125117e+05	-2.897041020639492273e+08	2.811615580381472111e+08	0.000000000000000000e+00	0.000000000000000000e+00	2.361958784531249839e+05	0.000000000000000000e+00
1.139455485210515429e+00	9.756879983859375352e+04	0.000000000000000000e+00	-2.884596927504296899e+08	2.808995946538444161e+08	0.000000000000000000e+00	0.000000000000000000e+00	6.583944465624989243e+04	0.000000000000000000e+00
1.159455485210515446e+00	1.951375996771875070e+05	0.000000000000000000e+00	-2.880573649272617102e+08	2.858768989555978775e+08	0.000000000000000000e+00	0.000000000000000000e+00	2.888298831640624558e+05	0.000000000000000000e+00
1.179455485210515242e+00	1.626146663976562559e+05	-1.951375996771875070e+05	-2.913601956616406441e+08	2.823216815972025394e+08	0.000000000000000000e+00	0.000000000000000000e+00	3.387727318671874818e+05	0.000000000000000000e+00
1.199455485210515260e+00	1.300917331181250047e+05	-3.252293327953125117e+05	-2.879263744732069969e+08	2.887210728423140645e+08	0.000000000000000000e+00	0.000000000000000000e+00	1.482013354999999865e+05	0.000000000000000000e+00
1.219455485210515278e+00	2.601834662362500094e+05	-6.504586655906250235e+04	-2.879263744732070565e+08	2.965425510307837725e+08	0.000000000000000000e+00	0.000000000000000000e+00	2.714938316718749702e+05	0.000000000000000000e+00
1.239455485210515295e+00	1.626146663976562559e+05	-2.601834662362500094e+05	-2.923800499110663533e+08	2.980020613147565722e+08	0.000000000000000000e+00	0.000000000000000000e+00	1.777414665624999907e+05	0.000000000000000000e+00
1.259455485210515313e+00	1.300917331181250047e+05	-1.300917331181250047e+05	-2.916221765697500110e+08	2.959812009215634465e+08	0.000000000000000000e+00	0.000000000000000000e+00	3.198094697656249627e+05	0.000000000000000000e+00
1.279455485210515331e+00	2.276605329567187582e+05	-1.300917331181250047e+05	-2.946349570130077600e+08	2.898063497201400399e+08	0.000000000000000000e+00	0.000000000000000000e+00	1.212897754218750342e+05	0.000000000000000000e+00
1.299455485210515349e+00	1.300917331181250047e+05	-1.951375996771875070e+05	-2.946349570130077600e+08	2.916026700696450472e+08	0.000000000000000000e+00	0.000000000000000000e+00	1.396271872890625091e+05	0.000000000000000000e+00
1.319455485210515366e+00	1.300917331181250047e+05	0.000000000000000000e+00	-2.958887227875312567e+08	2.968419377557012439e+08	0.000000000000000000e+00	0.000000000000000000e+00	5.319726992187499854e+04	0.000000000000000000e+00
1.339455485210515384e+00	9.756879983859375352e+04	-1.951375996771875070e+05	-2.948314426940898299e+08	3.000603450485644341e+08	0.000000000000000000e+00	0.000000000000000000e+00	1.292380733984374965e+05	0.000000000000000000e+00
1.359455485210515402e+00	9.756879983859375352e+04	-6.504586655906250235e+04	-2.935215381535429358e+08	3.010707752451609373e+08	0.000000000000000000e+00	0.000000000000000000e+00	4.280815603125000052e+04	0.000000000000000000e+00
1.379455485210515420e+00	1.626146663976562559e+05	-1.300917331181250047e+05	-2.922864853010272980e+08	2.983762947209035158e+08	0.000000000000000000e+00	0.000000000000000000e+00	3.648706866406249173e+04	0.000000000000000000e+00
1.399455485210515437e+00	1.300917331181250047e+05	-1.300917331181250047e+05	-2.947753039280663729e+08	3.009585052233169079e+08	0.000000000000000000e+00	0.000000000000000000e+00	6.502583935156250664e+04	0.000000000000000000e+00
1.419455485210515455e+00	3.252293327953125117e+04	-6.504586655906250235e+04	-2.934747558485234380e+08	2.964302810089397430e+08	0.000000000000000000e+00	0.000000000000000000e+00	-1.426938534375000381e+04	0.000000000000000000e+00
1.439455485210515251e+00	9.756879983859375352e+04	-6.504586655906250235e+04	-2.932408443234257698e+08	2.951578874280403256e+08	0.000000000000000000e+00	0.000000000000000000e+00	8.761903281249997235e+03	0.000000000000000000e+00
1.459455485210515269e+00	6.504586655906250235e+04	-3.252293327953125117e+05	-2.953179786662929654e+08	2.942223039126731157e+08	0.000000000000000000e+00	0.000000000000000000e+00	-7.948297976562498661e+03	0.000000000000000000e+00
1.479455485210515286e+00	2.601834662362500094e+05	-1.300917331181250047e+05	-2.950092154531640410e+08	2.928002169693150520e+08	0.000000000000000000e+00	0.000000000000000000e+00	0.000000000000000000e+00	0.000000000000000000e+00
1.499455485210515304e+00	1.626146663976562559e+05	-1.300917331181250047e+05	-2.938115884446640611e+08	2.881971460737084150e+08	0.000000000000000000e+00	0.000000000000000000e+00	2.221768332031249884e+04	0.000000000000000000e+00
1.519455485210515322e+00	1.300917331181250047e+05	-1.300917331181250047e+05	-2.917157411797890067e+08	2.981143313366006613e+08	0.000000000000000000e+00	0.000000000000000000e+00	3.567346335937500407e+04	0.000000000000000000e+00
1.539455485210515340e+00	1.300917331181250047e+05	-1.300917331181250047e+05	-2.902467768021757603e+08	2.911535899822687507e+08	0.000000000000000000e+00	0.000000000000000000e+00	7.134692671875000087e+03	0.000000000000000000e+00
1.559455485210515358e+00	9.756879983859375352e+04	-1.951375996771875070e+05	-2.942139162678319812e+08	2.908542032573512793e+08	0.000000000000000000e+00	0.000000000000000000e+00	1.508299064843749875e+04	0.000000000000000000e+00
1.579455485210515375e+00	9.756879983859375352e+04	-1.951375996771875070e+05	-2.910140066044961214e+08	2.866253657678915858e+08	0.000000000000000000e+00	0.000000000000000000e+00	0.000000000000000000e+00	0.000000000000000000e+00
1.599455485210515393e+00	2.601834662362500094e+05	-1.300917331181250047e+05	-2.908362338454219103e+08	2.935861071222234368e+08	0.000000000000000000e+00	0.000000000000000000e+00	0.000000000000000000e+00	0.000000000000000000e+00
1.619455485210515411e+00	2.601834662362500094e+05	-6.504586655906250235e+04	-2.909952936824882627e+08	2.856897822525243759e+08	0.000000000000000000e+00	0.000000000000000000e+00	0.000000000000000000e+00	0.000000000000000000e+00
1.639455485210515429e+00	2.276605329567187582e+05	-1.951375996771875070e+05	-2.906958869303632379e+08	2.880100293706350327e+08	0.000000000000000000e+00	0.000000000000000000e+00	0.000000000000000000e+00	0.000000000000000000e+00
1.659455485210515446e+00	2.276605329567187582e+05	-1.951375996771875070e+05	-2.917718799458124638e+08	2.883468394361672401e+08	0.000000000000000000e+00	0.000000000000000000e+00	0.000000000000000000e+00	0.000000000000000000e+00
1.679455485210515464e+00	1.300917331181250047e+05	-3.252293327953125117e+05	-2.904900447882773280e+08	2.885713794798553586e+08	0.000000000000000000e+00	0.000000000000000000e+00	0.000000000000000000e+00	0.000000000000000000e+00
1.699455485210515260e+00	2.601834662362500094e+05	-3.252293327953125117e+05	-2.939612918207265735e+08	2.919020567945625186e+08	0.000000000000000000e+00	0.000000000000000000e+00	0.000000000000000000e+00	0.000000000000000000e+00
1.719455485210515278e+00	1.300917331181250047e+05	-2.601834662362500094e+05	-2.902467768021757603e+08	2.896940796982959509e+08	0.000000000000000000e+00	0.000000000000000000e+00	0.000000000000000000e+00	0.000000000000000000e+00
1.739455485210515295e+00	1.951375996771875070e+05	0.000000000000000000e+00	-2.927730212732304335e+08	2.882345694143232107e+08	0.000000000000000000e+00	0.000000000000000000e+00	0.000000000000000000e+00	0.000000000000000000e+00
1.759455485210515313e+00	3.252293327953125117e+05	-1.300917331181250047e+05	-2.929040117272851467e+08	2.911535899822688103e+08	0.000000000000000000e+00	0.000000000000000000e+00	0.000000000000000000e+00	0.000000000000000000e+00
1.779455485210515331e+00	1.626146663976562559e+05	-3.252293327953125117e+05	-2.927730212732304931e+08	2.911910133228834271e+08	0.000000000000000000e+00	0.000000000000000000e+00	0.000000000000000000e+00	0.000000000000000000e+00
1.799455485210515349e+00	2.276605329567187582e+05	-3.252293327953125117e+05	-2.932689137064374685e+08	2.962431643058663011e+08	0.000000000000000000e+00	0.000000000000000000e+00	0.000000000000000000e+00	0.000000000000000000e+00
1.819455485210515366e+00	1.951375996771875070e+05	-1.300917331181250047e+05	-2.939612918207265139e+08	2.954946974935725331e+08	0.000000000000000000e+00	0.000000000000000000e+00	0.000000000000000000e+00	0.000000000000000000e+00
1.839455485210515384e+00	2.601834662362500094e+05	-2.601834662362500094e+05	-2.920712866979374886e+08	2.977026745898391008e+08	0.000000000000000000e+00	0.000000000000000000e+00	0.000000000000000000e+00	0.000000000000000000e+00
1.859455485210515402e+00	1.626146663976562559e+05	-2.601834662362500094e+05	-2.951308494462147951e+08	2.967296677338571548e+08	0.000000000000000000e+00	0.000000000000000000e+00	0.000000000000000000e+00	0.000000000000000000e+00
1.879455485210515420e+00	1.951375996771875070e+05	-1.951375996771875070e+05	-2.911637099805586338e+08	2.938854938471409678e+08	0.000000000000000000e+00	0.000000000000000000e+00	0.000000000000000000e+00	0.000000000000000000e+00
1.899455485210515437e+00	2.601834662362500094e+05	-3.252293327953125117e+05	-2.933063395504531264e+08	2.986756814458209872e+08	0.000000000000000000e+00	0.000000000000000000e+00	0.000000000000000000e+00	0.000000000000000000e+00
1.919455485210515455e+00	3.252293327953125117e+05	-1.300917331181250047e+05	-2.943916890269062519e+08	2.927253702880856395e+08	0.000000000000000000e+00	0.000000000000000000e+00	0.000000000000000000e+00	0.000000000000000000e+00
1.939455485210515251e+00	4.553210659134375164e+05	-3.902751993543750141e+05	-2.937741626006484032e+08	2.965425510307837725e+08	0.000000000000000000e+00	0.000000000000000000e+00	0.000000000000000000e+00	0.000000000000000000e+00
1.959455485210515269e+00	3.577522660748437629e+05	-1.951375996771875070e+05	-2.935776769195663929e+08	2.976278279086097479e+08	0.000000000000000000e+00	0.000000000000000000e+00	0.000000000000000000e+00	0.000000000000000000e+00
1.979455485210515286e+00	1.951375996771875070e+05	-2.601834662362500094e+05	-2.951682752902304530e+08	2.953450041311137676e+08	0.000000000000000000e+00	0.000000000000000000e+00	0.000000000000000000e+00	0.000000000000000000e+00
1.999455485210515304e+00	1.626146663976562559e+05	-3.252293327953125117e+05	-2.897695972909765244e+08	2.927627936287003160e+08	0.000000000000000000e+00	0.000000000000000000e+00	0.000000000000000000e+00	0.000000000000000000e+00
2.019455485210515544e+00	9.756879983859375352e+04	-3.252293327953125117e+05	-2.957483758724726439e+08	2.929873336723884344e+08	0.000000000000000000e+00	0.000000000000000000e+00	0.000000000000000000e+00	0.000000000000000000e+00
