# nm	H2O.H	H2O.O	CCl4.Cl	CCl4.C	Na+	Cl-	DDC.T	DDC.HG
-2.000000000000000000e+00	2.758465109036722183e+09	-2.722039423763647556e+09	0.000000000000000000e+00	0.000000000000000000e+00	5.257141968750000000e+07	-6.308570362500000000e+07	0.000000000000000000e+00	0.000000000000000000e+00
-1.979999999999999982e+00	2.743894834927492142e+09	-2.751960522380816460e+09	0.000000000000000000e+00	0.000000000000000000e+00	5.908026212500000000e+07	-5.707754137500000000e+07	0.000000000000000000e+00	0.000000000000000000e+00
-1.959999999999999964e+00	2.745586027458028316e+09	-2.781881620997984886e+09	0.000000000000000000e+00	0.000000000000000000e+00	4.205713575000000000e+07	-5.908026212500000000e+07	0.000000000000000000e+00	0.000000000000000000e+00
-1.939999999999999947e+00	2.718526946969458580e+09	-2.750399421583398819e+09	0.000000000000000000e+00	0.000000000000000000e+00	5.507482062500000000e+07	-5.958094231250000000e+07	0.000000000000000000e+00	0.000000000000000000e+00
-1.919999999999999929e+00	2.773946025277779579e+09	-2.730625478149443626e+09	0.000000000000000000e+00	0.000000000000000000e+00	4.355917631250000000e+07	-6.608978475000000000e+07	0.000000000000000000e+00	0.000000000000000000e+00
-1.900000000000000133e+00	2.737260156538467884e+09	-2.715274653641504765e+09	0.000000000000000000e+00	0.000000000000000000e+00	5.607618100000000000e+07	-5.958094231250000000e+07	0.000000000000000000e+00	0.000000000000000000e+00
-1.880000000000000115e+00	2.750009146384044170e+09	-2.802436114830648422e+09	0.000000000000000000e+00	0.000000000000000000e+00	5.707754137500000000e+07	-5.657686118750000000e+07	0.000000000000000000e+00	0.000000000000000000e+00
-1.860000000000000098e+00	2.727373184821490765e+09	-2.741813367197602749e+09	0.000000000000000000e+00	0.000000000000000000e+00	5.507482062500000000e+07	-5.807890175000000000e+07	0.000000000000000000e+00	0.000000000000000000e+00
-1.840000000000000080e+00	2.733097221078688622e+09	-2.718917222168812275e+09	0.000000000000000000e+00	0.000000000000000000e+00	4.606257725000000000e+07	-5.607618100000000000e+07	0.000000000000000000e+00	0.000000000000000000e+00
-1.820000000000000062e+00	2.743634651461256027e+09	-2.735829147474168777e+09	0.000000000000000000e+00	0.000000000000000000e+00	5.707754137500000000e+07	-6.108298287500000000e+07	0.000000000000000000e+00	0.000000000000000000e+00
-1.800000000000000044e+00	2.759245659435431004e+09	-2.690817407815298080e+09	0.000000000000000000e+00	0.000000000000000000e+00	6.108298287500000000e+07	-5.357278006250000000e+07	0.000000000000000000e+00	0.000000000000000000e+00
-1.780000000000000027e+00	2.701484929930984020e+09	-2.723080157628592491e+09	0.000000000000000000e+00	0.000000000000000000e+00	5.757822156250000000e+07	-4.956733856250000000e+07	0.000000000000000000e+00	0.000000000000000000e+00
-1.760000000000000009e+00	2.713063094178497314e+09	-2.724901441892246723e+09	0.000000000000000000e+00	0.000000000000000000e+00	5.207073950000000000e+07	-6.008162250000000000e+07	0.000000000000000000e+00	0.000000000000000000e+00
-1.739999999999999991e+00	2.729194469085144520e+09	-2.751960522380816460e+09	0.000000000000000000e+00	0.000000000000000000e+00	5.557550081250000000e+07	-5.106937912500000000e+07	0.000000000000000000e+00	0.000000000000000000e+00
-1.719999999999999973e+00	2.715664928840859413e+09	-2.732446762413097858e+09	0.000000000000000000e+00	0.000000000000000000e+00	5.908026212500000000e+07	-5.157005931250000000e+07	0.000000000000000000e+00	0.000000000000000000e+00
-1.699999999999999956e+00	2.751830430647698402e+09	-2.735829147474168777e+09	0.000000000000000000e+00	0.000000000000000000e+00	5.757822156250000000e+07	-5.157005931250000000e+07	0.000000000000000000e+00	0.000000000000000000e+00
-1.679999999999999938e+00	2.790727858850017548e+09	-2.772254832747244358e+09	0.000000000000000000e+00	0.000000000000000000e+00	5.157005931250000000e+07	-5.807890175000000000e+07	0.000000000000000000e+00	0.000000000000000000e+00
-1.660000000000000142e+00	2.746236486123619080e+09	-2.759766026367903709e+09	0.000000000000000000e+00	0.000000000000000000e+00	5.607618100000000000e+07	-5.357278006250000000e+07	0.000000000000000000e+00	0.000000000000000000e+00
-1.640000000000000124e+00	2.739081440802122116e+09	-2.777978869004441261e+09	0.000000000000000000e+00	0.000000000000000000e+00	6.709114512500000000e+07	-4.656325743750000000e+07	0.000000000000000000e+00	0.000000000000000000e+00
-1.620000000000000107e+00	2.741943458930720806e+09	-2.764449328760156155e+09	0.000000000000000000e+00	0.000000000000000000e+00	4.906665837500000000e+07	-5.106937912500000000e+07	0.000000000000000000e+00	0.000000000000000000e+00
-1.600000000000000089e+00	2.733617588011160851e+09	-2.730625478149443626e+09	0.000000000000000000e+00	0.000000000000000000e+00	6.208434325000000000e+07	-5.207073950000000000e+07	0.000000000000000000e+00	0.000000000000000000e+00
-1.580000000000000071e+00	2.722039423763648033e+09	-2.747017036522327423e+09	0.000000000000000000e+00	0.000000000000000000e+00	6.058230268750000000e+07	-4.656325743750000000e+07	0.000000000000000000e+00	0.000000000000000000e+00
-1.560000000000000053e+00	2.754432265310060501e+09	-2.717095937905158520e+09	0.000000000000000000e+00	0.000000000000000000e+00	6.508842437500000000e+07	-5.507482062500000000e+07	0.000000000000000000e+00	0.000000000000000000e+00
-1.540000000000000036e+00	2.751830430647697926e+09	-2.700184012599802971e+09	0.000000000000000000e+00	0.000000000000000000e+00	5.207073950000000000e+07	-4.606257725000000000e+07	0.000000000000000000e+00	0.000000000000000000e+00
-1.520000000000000018e+00	2.731406028548152924e+09	-2.713973736310324192e+09	0.000000000000000000e+00	0.000000000000000000e+00	6.208434325000000000e+07	-4.105577537500000000e+07	0.000000000000000000e+00	0.000000000000000000e+00
-1.500000000000000000e+00	2.729194469085144520e+09	-2.801915747898176193e+09	0.000000000000000000e+00	0.000000000000000000e+00	5.006801875000000000e+07	-5.908026212500000000e+07	0.000000000000000000e+00	0.000000000000000000e+00
-1.479999999999999982e+00	2.720868598165584564e+09	-2.756123457840596199e+09	0.000000000000000000e+00	0.000000000000000000e+00	6.008162250000000000e+07	-5.657686118750000000e+07	0.000000000000000000e+00	0.000000000000000000e+00
-1.459999999999999964e+00	2.757814650371131897e+09	-2.798273179370868683e+09	0.000000000000000000e+00	0.000000000000000000e+00	5.106937912500000000e+07	-5.457414043750000000e+07	0.000000000000000000e+00	0.000000000000000000e+00
-1.439999999999999947e+00	2.751960522380816460e+09	-2.725681992290955067e+09	0.000000000000000000e+00	0.000000000000000000e+00	5.006801875000000000e+07	-4.906665837500000000e+07	0.000000000000000000e+00	0.000000000000000000e+00
-1.419999999999999929e+00	2.748838320785981178e+09	-2.703566397660873890e+09	0.000000000000000000e+00	0.000000000000000000e+00	5.908026212500000000e+07	-5.157005931250000000e+07	0.000000000000000000e+00	0.000000000000000000e+00
-1.400000000000000133e+00	2.735178688808578491e+09	-2.777458502071968555e+09	0.000000000000000000e+00	0.000000000000000000e+00	5.908026212500000000e+07	-4.255781593750000000e+07	0.000000000000000000e+00	0.000000000000000000e+00
-1.380000000000000115e+00	2.727243093088373184e+09	-2.743114284528783798e+09	0.000000000000000000e+00	0.000000000000000000e+00	5.958094231250000000e+07	-4.906665837500000000e+07	0.000000000000000000e+00	0.000000000000000000e+00
-1.360000000000000098e+00	2.785524189525292873e+09	-2.762628044496502399e+09	0.000000000000000000e+00	0.000000000000000000e+00	6.158366306250000000e+07	-5.507482062500000000e+07	0.000000000000000000e+00	0.000000000000000000e+00
-1.340000000000000080e+00	2.717095937905158997e+09	-2.707989516586890221e+09	0.000000000000000000e+00	0.000000000000000000e+00	5.357278006250000000e+07	-4.405985650000000000e+07	0.000000000000000000e+00	0.000000000000000000e+00
-1.320000000000000062e+00	2.733097221078687668e+09	-2.715795020573977470e+09	0.000000000000000000e+00	0.000000000000000000e+00	6.659046493750000000e+07	-4.856597818750000000e+07	0.000000000000000000e+00	0.000000000000000000e+00
-1.300000000000000044e+00	2.722950065895474434e+09	-2.731145845081916332e+09	0.000000000000000000e+00	0.000000000000000000e+00	6.759182531250000000e+07	-5.908026212500000000e+07	0.000000000000000000e+00	0.000000000000000000e+00
-1.280000000000000027e+00	2.747407311721681595e+09	-2.766530796490046501e+09	0.000000000000000000e+00	0.000000000000000000e+00	5.607618100000000000e+07	-5.257141968750000000e+07	0.000000000000000000e+00	0.000000000000000000e+00
-1.260000000000000009e+00	2.711111718181725025e+09	-2.756383641306832314e+09	0.000000000000000000e+00	0.000000000000000000e+00	5.908026212500000000e+07	-4.305849612500000000e+07	0.000000000000000000e+00	0.000000000000000000e+00
-1.239999999999999991e+00	2.759505842901667595e+09	-2.732706945879333973e+09	0.000000000000000000e+00	0.000000000000000000e+00	6.508842437500000000e+07	-5.707754137500000000e+07	0.000000000000000000e+00	0.000000000000000000e+00
-1.219999999999999973e+00	2.735568964007932663e+09	-2.710331167783016205e+09	0.000000000000000000e+00	0.000000000000000000e+00	6.358638381250000000e+07	-5.307209987500000000e+07	0.000000000000000000e+00	0.000000000000000000e+00
-1.199999999999999956e+00	2.726202359223427773e+09	-2.793589876978616238e+09	0.000000000000000000e+00	0.000000000000000000e+00	7.109658662500000000e+07	-4.506121687500000000e+07	0.000000000000000000e+00	0.000000000000000000e+00
-1.179999999999999938e+00	2.732576854146215916e+09	-2.789947308451309204e+09	0.000000000000000000e+00	0.000000000000000000e+00	7.410066775000000000e+07	-5.807890175000000000e+07	0.000000000000000000e+00	0.000000000000000000e+00
-1.159999999999999920e+00	2.764059053560802460e+09	-2.739731899467712402e+09	0.000000000000000000e+00	0.000000000000000000e+00	6.608978475000000000e+07	-4.756461781250000000e+07	0.000000000000000000e+00	0.000000000000000000e+00
-1.140000000000000124e+00	2.711892268580433846e+09	-2.725421808824718952e+09	0.000000000000000000e+00	0.000000000000000000e+00	6.158366306250000000e+07	-5.157005931250000000e+07	0.000000000000000000e+00	0.000000000000000000e+00
-1.120000000000000107e+00	2.730495386416325569e+09	-2.736349514406641006e+09	0.000000000000000000e+00	0.000000000000000000e+00	6.058230268750000000e+07	-5.357278006250000000e+07	0.000000000000000000e+00	0.000000000000000000e+00
-1.100000000000000089e+00	2.752220705847052574e+09	-2.745455935724910259e+09	0.000000000000000000e+00	0.000000000000000000e+00	7.009522625000000000e+07	-4.606257725000000000e+07	0.000000000000000000e+00	0.000000000000000000e+00
-1.080000000000000071e+00	2.756123457840596199e+09	-2.743894834927492142e+09	0.000000000000000000e+00	0.000000000000000000e+00	6.608978475000000000e+07	-5.457414043750000000e+07	0.000000000000000000e+00	0.000000000000000000e+00
-1.060000000000000053e+00	2.763148411428975105e+09	-2.749618871184689999e+09	0.000000000000000000e+00	0.000000000000000000e+00	6.108298287500000000e+07	-5.607618100000000000e+07	0.000000000000000000e+00	0.000000000000000000e+00
-1.040000000000000036e+00	2.750659605049634933e+09	-2.758465109036722660e+09	0.000000000000000000e+00	0.000000000000000000e+00	6.058230268750000000e+07	-4.706393762500000000e+07	0.000000000000000000e+00	0.000000000000000000e+00
-1.020000000000000018e+00	2.722429698963002205e+09	-2.779539969801858902e+09	0.000000000000000000e+00	0.000000000000000000e+00	6.358638381250000000e+07	-5.457414043750000000e+07	0.000000000000000000e+00	-9.042284186250000494e+05
-1.000000000000000000e+00	2.738821257335886002e+09	-2.758725292502958775e+09	0.000000000000000000e+00	0.000000000000000000e+00	6.558910456250000000e+07	-5.006801875000000000e+07	0.000000000000000000e+00	-9.042284186250000494e+05
-9.799999999999999822e-01	2.723730616294183254e+09	-2.750659605049634933e+09	0.000000000000000000e+00	0.000000000000000000e+00	7.209794700000000000e+07	-4.055509518750000000e+07	0.000000000000000000e+00	-1.808456837250000099e+06
-9.599999999999999645e-01	2.729844927750735283e+09	-2.750919788515871048e+09	0.000000000000000000e+00	0.000000000000000000e+00	6.809250550000000000e+07	-5.407346025000000000e+07	0.000000000000000000e+00	0.000000000000000000e+00
-9.400000000000000577e-01	2.759505842901667595e+09	-2.754302173576942444e+09	0.000000000000000000e+00	0.000000000000000000e+00	6.959454606250000000e+07	-4.305849612500000000e+07	2.903945087499999863e+04	1.198628368875000160e+06
-9.200000000000000400e-01	2.736869881339113712e+09	-2.794890794309797287e+09	0.000000000000000000e+00	0.000000000000000000e+00	8.010883000000000000e+07	-4.205713575000000000e+07	5.807890174999999726e+04	-8.306284310624999925e+05
-9.000000000000000222e-01	2.753781806644470215e+09	-2.745976302657382965e+09	0.000000000000000000e+00	0.000000000000000000e+00	8.311291112500000000e+07	-3.955373481250000000e+07	2.903945087499999863e+04	-2.712685255874999799e+06
-8.800000000000000044e-01	2.741683275464484215e+09	-2.719697772567521095e+09	0.000000000000000000e+00	0.000000000000000000e+00	8.161087056250000000e+07	-4.255781593750000000e+07	0.000000000000000000e+00	-4.447542105562500656e+06
-8.599999999999999867e-01	2.759245659435431480e+09	-2.743114284528783798e+09	0.000000000000000000e+00	0.000000000000000000e+00	8.561631206250000000e+07	-3.705033387500000000e+07	-6.183400315625000076e+04	-2.943999502500000410e+06
-8.399999999999999689e-01	2.733877771477396965e+09	-2.775637217808315277e+09	0.000000000000000000e+00	0.000000000000000000e+00	8.511563187500000000e+07	-3.504761312500000000e+07	-1.194122247187500034e+05	-7.538741583187501878e+06
-8.200000000000000622e-01	2.754041990110706329e+09	-2.781101070599276543e+09	0.000000000000000000e+00	0.000000000000000000e+00	9.162447431250000000e+07	-4.205713575000000000e+07	-4.481087678125000675e+05	-4.678856352187500335e+06
-8.000000000000000444e-01	2.721779240297411442e+09	-2.766790979956282616e+09	0.000000000000000000e+00	0.000000000000000000e+00	8.862039318750000000e+07	-3.504761312500000000e+07	6.033196259375002410e+04	-5.141484845437500626e+06
-7.800000000000000266e-01	2.741293000265130043e+09	-2.774856667409605980e+09	0.000000000000000000e+00	0.000000000000000000e+00	1.041414790000000000e+08	-4.255781593750000000e+07	-2.157931608124999912e+05	-5.887999005000000820e+06
-7.600000000000000089e-01	2.755863274374360085e+09	-2.720218139499993801e+09	0.000000000000000000e+00	0.000000000000000000e+00	9.062311393750000000e+07	-3.805169425000000000e+07	2.130394197812500061e+05	-1.094536957893750072e+07
-7.399999999999999911e-01	2.728544010419553757e+09	-2.835739598508888721e+09	0.000000000000000000e+00	0.000000000000000000e+00	7.760542906250000000e+07	-3.354557256250000000e+07	2.888924681875000242e+05	-1.343725487212499976e+07
-7.199999999999999734e-01	2.728934285618907928e+09	-2.796191711640978813e+09	-3.742584401562499988e+04	0.000000000000000000e+00	9.913467712500000000e+07	-3.504761312500000000e+07	-5.555046680312498938e+05	-1.200731225662500039e+07
-7.000000000000000666e-01	2.762367861030266762e+09	-2.790467675383781433e+09	0.000000000000000000e+00	0.000000000000000000e+00	9.663127618750000000e+07	-2.853877068750000000e+07	-3.910312264374998631e+05	-2.692708116393750161e+07
-6.800000000000000488e-01	2.757814650371131897e+09	-2.732706945879333973e+09	0.000000000000000000e+00	0.000000000000000000e+00	9.262583468750000000e+07	-3.304489237500000000e+07	-7.958311580312502338e+05	-2.150171065218750015e+07
-6.600000000000000311e-01	2.765359970891983032e+09	-2.813884187345044136e+09	0.000000000000000000e+00	0.000000000000000000e+00	1.111510016250000000e+08	-2.903945087500000000e+07	-8.008379599062500056e+05	-1.776913985437499732e+07
-6.400000000000000133e-01	2.724250983226655960e+09	-2.728804193885789871e+09	-3.742584401562499988e+04	0.000000000000000000e+00	1.156571233125000000e+08	-2.503400937500000000e+07	-2.997822622656249441e+06	-2.627519555981250107e+07
-6.199999999999999956e-01	2.710591351249253273e+09	-2.731145845081916332e+09	-7.485168803124999977e+04	0.000000000000000000e+00	1.106503214375000000e+08	-2.453332918750000000e+07	-9.941005122812498594e+05	-2.292113898374999687e+07
-5.999999999999999778e-01	2.730755569882561684e+09	-2.735308780541696072e+09	0.000000000000000000e+00	0.000000000000000000e+00	1.121523620000000000e+08	-2.253060843750000000e+07	-1.989953405218749307e+06	-4.054307886299999803e+07
-5.799999999999999600e-01	2.755863274374360085e+09	-2.774336300477133751e+09	-3.742584401562499988e+04	0.000000000000000000e+00	1.191618846250000000e+08	-2.102856787500000000e+07	-2.038769723500000313e+06	-4.725119201512499154e+07
-5.600000000000000533e-01	2.717226029638277054e+09	-2.737910615204059124e+09	-1.122775320468749997e+05	0.000000000000000000e+00	1.156571233125000000e+08	-2.052788768750000000e+07	-1.798693573593750363e+06	-5.241370542843749374e+07
-5.400000000000000355e-01	2.716705662705803871e+09	-2.731926395480625153e+09	-7.485168803124999977e+04	2.993867249175000470e+05	1.276734478125000000e+08	-1.752380656250000000e+07	-2.994067521249999292e+06	-4.528502091881249845e+07
-5.200000000000000178e-01	2.715534837107741356e+09	-2.761327127165321350e+09	-2.245550640937500284e+05	0.000000000000000000e+00	1.176598440625000000e+08	-1.652244618750000000e+07	-2.919466173312499654e+06	-4.671496353431249410e+07
-5.000000000000000000e-01	2.722559790696119785e+09	-2.738691165602767467e+09	-1.497033760624999995e+05	0.000000000000000000e+00	1.246693666875000000e+08	-1.752380656250000000e+07	-5.041599148031250574e+06	-6.408456059906249493e+07
-4.799999999999999822e-01	2.720478322966230392e+09	-2.721258873364938736e+09	-4.491101281874999404e+05	0.000000000000000000e+00	1.206639251875000000e+08	-1.451972543750000000e+07	-6.643525407937498763e+06	-6.756478858237501979e+07
-4.600000000000000200e-01	2.694720159808841228e+09	-2.713713552844087601e+09	-2.619809081093749846e+05	2.993867249175000470e+05	1.206639251875000000e+08	-1.151564431250000000e+07	-4.794513475499998778e+06	-7.744821548362499475e+07
-4.400000000000000022e-01	2.672474473445642471e+09	-2.633577045243322849e+09	-5.613876602343750419e+05	1.496933624587500235e+05	1.116516818125000000e+08	-1.401904525000000000e+07	-8.559127805312499404e+06	-6.852158842068751156e+07
-4.199999999999999845e-01	2.673124932111232758e+09	-2.674165665976177692e+09	-8.233685683437500848e+05	1.496933624587500235e+05	1.141550827500000000e+08	-1.201632450000000000e+07	-9.315655568624997512e+06	-7.068753091181251407e+07
-4.000000000000000222e-01	2.624730807391289711e+09	-2.663758327326727390e+09	-7.110910362968749832e+05	1.496933624587500235e+05	9.963535731250000000e+07	-1.301768487500000000e+07	-9.680901765406249091e+06	-9.419746979606249928e+07
-3.800000000000000044e-01	2.623559981793227196e+09	-2.614063285275603294e+09	-1.160201164484375156e+06	2.993867249175000470e+05	9.162447431250000000e+07	-8.010883000000000000e+06	-1.233475709924999997e+07	-1.022619255761249959e+08
-3.599999999999999867e-01	2.601184203696909428e+09	-2.571393196812859058e+09	-1.459607916609374806e+06	5.987734498350000940e+05	9.362719506250000000e+07	-1.151564431250000000e+07	-1.265293935840624757e+07	-1.062047820526874959e+08
-3.400000000000000244e-01	2.616535028204848289e+09	-2.562286775494589806e+09	-2.133273108890624717e+06	7.484668122937500011e+05	7.410066775000000000e+07	-9.512923562500000000e+06	-1.511528452053125203e+07	-9.222078441581250727e+07
-3.200000000000000067e-01	2.568140903484905720e+09	-2.530804576080003738e+09	-2.806938301171874627e+06	2.095707074422499863e+06	8.261223093750000000e+07	-1.201632450000000000e+07	-1.467368459515624866e+07	-1.072141533106874973e+08
-2.999999999999999889e-01	2.508688981449922562e+09	-2.480849350562643528e+09	-2.994067521249999758e+06	2.694480524257500656e+06	6.909386587500000000e+07	-9.512923562500000000e+06	-1.953629057615625113e+07	-9.545918386856251955e+07
-2.800000000000000266e-01	2.461335590594924927e+09	-2.436097794370008945e+09	-4.491101281874999404e+06	2.544787161798750516e+06	6.158366306250000000e+07	-8.010883000000000000e+06	-2.102005631181250140e+07	-9.146375597231251001e+07
-2.600000000000000089e-01	2.455871737803963661e+09	-2.423869171456905365e+09	-5.801005822421874851e+06	2.694480524257500656e+06	5.607618100000000000e+07	-1.451972543750000000e+07	-2.155828751337499917e+07	-7.329507332831248641e+07
-2.399999999999999911e-01	2.393297614174145699e+09	-2.376515780601907730e+09	-7.634872179187500849e+06	3.143560611633750610e+06	5.207073950000000000e+07	-9.512923562500000000e+06	-2.319075526471874863e+07	-8.176958618193750083e+07
-2.200000000000000011e-01	2.346204406785384178e+09	-2.336707710267761230e+09	-7.934278931312499568e+06	4.790187598680000752e+06	4.556189706250000000e+07	-1.151564431250000000e+07	-2.176106298931249976e+07	-8.578604264606250823e+07
-2.000000000000000111e-01	2.300932483660276890e+09	-2.277646063432132721e+09	-9.955274508156251162e+06	4.341107511303749867e+06	3.304489237500000000e+07	-8.511563187500000000e+06	-2.789289324562500045e+07	-6.719678864456248283e+07
-1.799999999999999933e-01	2.231853773374552727e+09	-2.206355793683399677e+09	-1.302419371743749827e+07	9.131295109983751550e+06	3.604897350000000000e+07	-7.510202812500000000e+06	-2.407095103434374183e+07	-5.880639006243748963e+07
-1.600000000000000033e-01	2.110348094642223835e+09	-2.119714699426728964e+09	-1.687905565104687586e+07	7.634361485396251082e+06	2.102856787500000000e+07	-1.301768487500000000e+07	-2.742625931087499484e+07	-5.491610500556251407e+07
-1.400000000000000133e-01	2.070800207774313927e+09	-2.021365349189426422e+09	-2.020995576843750104e+07	1.272393580899375118e+07	2.202992825000000000e+07	-1.051428393750000000e+07	-3.515826344643750042e+07	-7.732204407637502253e+07
-1.199999999999999956e-01	1.961002785022616148e+09	-1.947473244778331280e+09	-2.436422445417187363e+07	1.631657650800375454e+07	1.852516693750000000e+07	-1.251700468750000000e+07	-3.455844858181249350e+07	-6.425278914206248522e+07
-1.000000000000000056e-01	1.843529950016949654e+09	-1.889712515273883820e+09	-2.982839768045312539e+07	2.125645746914250031e+07	1.251700468750000000e+07	-1.001360375000000000e+07	-3.321988010053125024e+07	-4.111085019562499225e+07
-8.000000000000000167e-02	1.744400049380938053e+09	-1.782516927184548855e+09	-3.413236974225000292e+07	2.080737738176625594e+07	1.502040562500000000e+07	-1.401904525000000000e+07	-2.789389460599999502e+07	-3.704182231181249022e+07
-5.999999999999999778e-02	1.644619690079336166e+09	-1.626927214375271559e+09	-4.318942399403125048e+07	2.829204550470374897e+07	8.511563187500000000e+06	-9.512923562500000000e+06	-3.882474445949999243e+07	-1.374216910631249100e+07
-4.000000000000000083e-02	1.529098231070441484e+09	-1.533521349996457577e+09	-4.910270734850000590e+07	3.682456716485249996e+07	5.006801875000000000e+06	-8.010883000000000000e+06	-2.682394104531249776e+07	-2.965028070375000685e+07
-2.000000000000000042e-02	1.401608332614678860e+09	-1.395363929425008774e+09	-5.744867056398437172e+07	4.460862201270750165e+07	5.507482062500000000e+06	-6.508842437500000000e+06	-3.560061439209374785e+07	-3.834559352006249130e+07
0.000000000000000000e+00	1.264101370708820820e+09	-1.281403571213531256e+09	-6.542037533931250125e+07	5.119512996089250594e+07	4.005441500000000000e+06	-4.506121687500000000e+06	-2.740873550431249663e+07	-1.940936814862499386e+07
2.000000000000000042e-02	1.161979360211092472e+09	-1.173687616191723585e+09	-7.822001399265624583e+07	6.586507948185001314e+07	3.504761312500000000e+06	-9.012243375000000000e+06	-2.547035215840624273e+07	-5.246627684812493622e+06
4.000000000000000083e-02	1.020959921511044979e+09	-1.017577536449973702e+09	-9.143133693017187715e+07	7.110434716790625453e+07	2.002720750000000000e+06	-2.002720750000000000e+06	-2.620785407459374890e+07	-2.815725238462499157e+07
5.999999999999999778e-02	9.166263515503087044e+08	-9.017958939748425484e+08	-1.011246305302187502e+08	8.337920288952375948e+07	5.006801875000000000e+05	-3.504761312500000000e+06	-3.021654999581251666e+07	-1.148159805974999815e+07
8.000000000000000167e-02	8.111219559915094376e+08	-7.722245277891899347e+08	-1.092086128375937641e+08	1.014920997470325232e+08	1.001360375000000000e+06	-3.004081125000000000e+06	-2.943423720284375176e+07	-5.803884733499998227e+06
1.000000000000000056e-01	6.898764607254168987e+08	-7.048370100340012312e+08	-1.245532088840000033e+08	1.214013169540462643e+08	1.001360375000000000e+06	-2.002720750000000000e+06	-2.345336202306249365e+07	-3.522285119062500075e+06
1.199999999999999956e-01	5.952997707485399246e+08	-5.830711478354362249e+08	-1.364920531249843836e+08	1.354724930251687765e+08	5.006801875000000000e+05	-1.001360375000000000e+06	-2.060949855806249753e+07	-5.046856290000015870e+05
1.400000000000000133e-01	5.074878508938056231e+08	-4.917467511865125299e+08	-1.517992233273749948e+08	1.508909093584200144e+08	5.006801875000000000e+05	-2.002720750000000000e+06	-2.056869312278125435e+07	-7.780570113750000484e+06
1.600000000000000033e-01	4.374984984762544036e+08	-3.973001529427537918e+08	-1.619790528996250033e+08	1.616688314554499984e+08	0.000000000000000000e+00	-5.006801875000000000e+05	-6.934670936968753114e+06	-2.197485342937499750e+06
1.799999999999999933e-01	3.703711641873018742e+08	-3.273108005252025127e+08	-1.701753127390468717e+08	1.850209959990150034e+08	5.006801875000000000e+05	0.000000000000000000e+00	-1.179777759815625846e+07	-1.661256862125000218e+06
2.000000000000000111e-01	3.010322704353412390e+08	-2.778759419403150082e+08	-1.878403111144218445e+08	1.923559707594937384e+08	0.000000000000000000e+00	0.000000000000000000e+00	-1.727897395081250742e+07	-8.411427149999979883e+04
2.200000000000000011e-01	2.401493393360587656e+08	-2.232374140307025015e+08	-2.001908396395781338e+08	2.116664145166725218e+08	5.006801875000000000e+05	0.000000000000000000e+00	-1.197852314584375359e+07	-2.313142466249997378e+05
2.399999999999999911e-01	2.050245713941650093e+08	-1.769247570406500101e+08	-2.067029364982968569e+08	2.125645746914250255e+08	0.000000000000000000e+00	0.000000000000000000e+00	-9.798060929281253368e+06	-1.734856849687499925e+06
2.600000000000000089e-01	1.628748498638924956e+08	-1.282704488544712514e+08	-2.152734547778750062e+08	2.323240985359800160e+08	5.006801875000000000e+05	0.000000000000000000e+00	-2.457588700343742501e+06	-3.785142217500000261e+05
2.800000000000000266e-01	1.365963197740312815e+08	-1.051141203594450057e+08	-2.321150845849062502e+08	2.417547803708812594e+08	5.006801875000000000e+05	0.000000000000000000e+00	-6.440499591906256974e+06	5.257141968750000233e+05
2.999999999999999889e-01	1.008210931665468812e+08	-8.325870919560000300e+07	-2.329384531532499790e+08	2.490897551313600540e+08	0.000000000000000000e+00	0.000000000000000000e+00	-5.060875335250003263e+06	0.000000000000000000e+00
3.200000000000000067e-01	7.961614066829250753e+07	-6.062274763304624707e+07	-2.376915353432343900e+08	2.555265697170862854e+08	0.000000000000000000e+00	0.000000000000000000e+00	-5.902769070531248115e+06	-9.042284186250000494e+05
3.400000000000000244e-01	6.309449056229062378e+07	-4.969504205112374574e+07	-2.460000727147031128e+08	2.788787342606512904e+08	0.000000000000000000e+00	0.000000000000000000e+00	4.964244059062498854e+05	0.000000000000000000e+00
3.599999999999999867e-01	4.553210659134375304e+07	-3.408403407694875449e+07	-2.479462166035156250e+08	2.743879333868887424e+08	0.000000000000000000e+00	0.000000000000000000e+00	1.199129049062500708e+06	0.000000000000000000e+00
3.800000000000000044e-01	3.239284154641312361e+07	-2.341651196126250178e+07	-2.517262268490937650e+08	2.710946794127963185e+08	0.000000000000000000e+00	0.000000000000000000e+00	3.368325961406248622e+06	0.000000000000000000e+00
4.000000000000000222e-01	2.575816315738874674e+07	-1.665174183912000060e+07	-2.529238538575937450e+08	2.775314939985225201e+08	0.000000000000000000e+00	0.000000000000000000e+00	5.404592283968747593e+06	0.000000000000000000e+00
4.199999999999999845e-01	2.185541116384499893e+07	-1.118788904815874808e+07	-2.565167348830937147e+08	2.718431462250899673e+08	0.000000000000000000e+00	0.000000000000000000e+00	3.334029368562499993e+06	0.000000000000000000e+00
4.400000000000000022e-01	1.548091624105687626e+07	-1.014715518321374804e+07	-2.616066496692187488e+08	2.667535719014925361e+08	0.000000000000000000e+00	0.000000000000000000e+00	2.540200931281253695e+06	0.000000000000000000e+00
4.600000000000000200e-01	9.756879983859375119e+06	-5.203669324725000188e+06	-2.661351767951093912e+08	2.681008121636212766e+08	0.000000000000000000e+00	0.000000000000000000e+00	7.444864048031253740e+06	0.000000000000000000e+00
4.799999999999999822e-01	7.675412253969375044e+06	-6.244403189670000225e+06	-2.586500079919843674e+08	2.556762630795450211e+08	0.000000000000000000e+00	0.000000000000000000e+00	6.309571722875000909e+06	0.000000000000000000e+00
5.000000000000000000e-01	8.325870919560000300e+06	-3.902751993543750141e+06	-2.643387362823593616e+08	2.583707436038025320e+08	0.000000000000000000e+00	0.000000000000000000e+00	1.808957517437500879e+06	0.000000000000000000e+00
5.200000000000000178e-01	4.943485858488749713e+06	-4.943485858488750644e+06	-2.657234925109375119e+08	2.695977457882087827e+08	0.000000000000000000e+00	0.000000000000000000e+00	4.787754292968749069e+06	0.000000000000000000e+00
5.400000000000000355e-01	2.471742929244374856e+06	-3.382385061071250122e+06	-2.704391488569062352e+08	2.564247298918387592e+08	0.000000000000000000e+00	0.000000000000000000e+00	4.534410118093747646e+06	0.000000000000000000e+00
5.600000000000000533e-01	2.992109861716874875e+06	-1.561100797417500056e+06	-2.676322105557343960e+08	2.454971144323500395e+08	0.000000000000000000e+00	0.000000000000000000e+00	3.928587091218748130e+06	0.000000000000000000e+00
5.799999999999999600e-01	1.431009064299375052e+06	-1.040733864945000038e+06	-2.658357700429843664e+08	2.616639975778950453e+08	0.000000000000000000e+00	0.000000000000000000e+00	3.104968182781250216e+06	0.000000000000000000e+00
5.999999999999999778e-01	2.471742929244374856e+06	-1.300917331181250047e+06	-2.741817332584687471e+08	2.583707436038025320e+08	0.000000000000000000e+00	0.000000000000000000e+00	3.470464719656249043e+06	0.000000000000000000e+00
6.199999999999999956e-01	1.170825598063125042e+06	-7.805503987087500282e+05	-2.694286510684843659e+08	2.588198236911787391e+08	0.000000000000000000e+00	0.000000000000000000e+00	5.044603229156251065e+06	0.000000000000000000e+00
6.400000000000000133e-01	5.203669324725000188e+05	0.000000000000000000e+00	-2.730963837820156813e+08	2.634603179274000525e+08	0.000000000000000000e+00	0.000000000000000000e+00	3.875514991343748290e+06	0.000000000000000000e+00
6.600000000000000311e-01	5.203669324725000188e+05	-1.040733864945000038e+06	-2.718613309295000434e+08	2.796272010729449987e+08	0.000000000000000000e+00	0.000000000000000000e+00	1.259461011656248942e+06	0.000000000000000000e+00
6.800000000000000488e-01	7.805503987087500282e+05	-1.300917331181250047e+06	-2.737700489742968678e+08	2.716934528626312613e+08	0.000000000000000000e+00	0.000000000000000000e+00	5.722774543124976335e+05	0.000000000000000000e+00
7.000000000000000666e-01	5.203669324725000188e+05	-2.601834662362500094e+05	-2.820785863457655907e+08	2.769327205486875176e+08	0.000000000000000000e+00	0.000000000000000000e+00	2.019243196187499911e+06	0.000000000000000000e+00
7.199999999999999734e-01	1.300917331181250047e+05	0.000000000000000000e+00	-2.775126333758593798e+08	2.851658554839187860e+08	0.000000000000000000e+00	0.000000000000000000e+00	1.276484138031250797e+06	0.000000000000000000e+00
7.399999999999999911e-01	6.504586655906250235e+05	-5.203669324725000188e+05	-2.813674953094687462e+08	2.787290408981925249e+08	0.000000000000000000e+00	0.000000000000000000e+00	2.731210422812499106e+06	0.000000000000000000e+00
7.600000000000000089e-01	9.106421318268750329e+05	-2.601834662362500094e+05	-2.894140517728281021e+08	2.806750546101562977e+08	0.000000000000000000e+00	0.000000000000000000e+00	3.396364051906250883e+06	0.000000000000000000e+00
7.800000000000000266e-01	2.601834662362500094e+05	-2.601834662362500094e+05	-2.865322617836250067e+08	2.942971505939025283e+08	0.000000000000000000e+00	0.000000000000000000e+00	2.828843059374916629e+04	0.000000000000000000e+00
8.000000000000000444e-01	3.902751993543750141e+05	-5.203669324725000188e+05	-2.885158315164530873e+08	2.926505236068562865e+08	0.000000000000000000e+00	0.000000000000000000e+00	3.710040189375000773e+05	0.000000000000000000e+00
8.200000000000000622e-01	0.000000000000000000e+00	-2.601834662362500094e+05	-2.905742529373125434e+08	2.983388713802887797e+08	0.000000000000000000e+00	0.000000000000000000e+00	2.550965555312499870e+06	0.000000000000000000e+00
8.399999999999999689e-01	3.902751993543750141e+05	0.000000000000000000e+00	-2.923706934500625134e+08	2.947462306812788248e+08	0.000000000000000000e+00	0.000000000000000000e+00	-2.365713885937498708e+05	0.000000000000000000e+00
8.599999999999999867e-01	1.300917331181250047e+05	0.000000000000000000e+00	-2.930069327983281612e+08	3.044762992410975099e+08	0.000000000000000000e+00	0.000000000000000000e+00	3.098209000249999575e+06	0.000000000000000000e+00
8.800000000000000044e-01	3.902751993543750141e+05	0.000000000000000000e+00	-2.950279283751718998e+08	3.017818187168400288e+08	0.000000000000000000e+00	0.000000000000000000e+00	9.938501721875000512e+05	0.000000000000000000e+00
9.000000000000000222e-01	3.902751993543750141e+05	-5.203669324725000188e+05	-2.872059269759062529e+08	3.001351917297937870e+08	0.000000000000000000e+00	0.000000000000000000e+00	7.044570238125000615e+05	0.000000000000000000e+00
9.200000000000000400e-01	2.601834662362500094e+05	-2.601834662362500094e+05	-2.932689137064374685e+08	3.116615806391174793e+08	0.000000000000000000e+00	0.000000000000000000e+00	7.973331985937502468e+05	0.000000000000000000e+00
9.400000000000000577e-01	1.300917331181250047e+05	-7.805503987087500282e+05	-2.941671339628124833e+08	3.029793656165100336e+08	0.000000000000000000e+00	0.000000000000000000e+00	1.333060999218750279e+06	0.000000000000000000e+00
9.599999999999999645e-01	5.203669324725000188e+05	-5.203669324725000188e+05	-2.979845700524062514e+08	3.043266058786388040e+08	0.000000000000000000e+00	0.000000000000000000e+00	6.033196259374998044e+05	0.000000000000000000e+00
9.799999999999999822e-01	0.000000000000000000e+00	0.000000000000000000e+00	-2.902374203411718607e+08	2.907045098948925138e+08	0.000000000000000000e+00	0.000000000000000000e+00	1.409414727812496130e+05	0.000000000000000000e+00
1.000000000000000000e+00	1.300917331181250047e+05	0.000000000000000000e+00	-2.901999944971562624e+08	3.017818187168400288e+08	0.000000000000000000e+00	0.000000000000000000e+00	5.617631703749997541e+05	0.000000000000000000e+00
1.020000000000000018e+00	3.902751993543750141e+05	-5.203669324725000188e+05	-2.927449518902187347e+08	2.763339470988525152e+08	0.000000000000000000e+00	0.000000000000000000e+00	8.952161752500000875e+05	0.000000000000000000e+00
1.040000000000000036e+00	5.203669324725000188e+05	-2.601834662362500094e+05	-2.905742529373124838e+08	2.883094160955525637e+08	0.000000000000000000e+00	0.000000000000000000e+00	3.865251047499999404e+05	0.000000000000000000e+00
1.060000000000000053e+00	0.000000000000000000e+00	-2.601834662362500094e+05	-2.933437653944687247e+08	2.773818006360637546e+08	0.000000000000000000e+00	0.000000000000000000e+00	2.030258160312499676e+05	0.000000000000000000e+00
1.080000000000000071e+00	1.300917331181250047e+05	0.000000000000000000e+00	-2.868690943797656298e+08	2.764836404613112807e+08	0.000000000000000000e+00	0.000000000000000000e+00	8.311291112499983865e+04	0.000000000000000000e+00
1.100000000000000089e+00	2.601834662362500094e+05	-2.601834662362500094e+05	-2.864199842515780926e+08	2.874112559207999706e+08	0.000000000000000000e+00	0.000000000000000000e+00	3.685006180000001332e+05	0.000000000000000000e+00
1.120000000000000107e+00	2.601834662362500094e+05	0.000000000000000000e+00	-2.904245495612499714e+08	2.787290408981925249e+08	0.000000000000000000e+00	0.000000000000000000e+00	-1.712326241250000021e+05	0.000000000000000000e+00
1.140000000000000124e+00	1.300917331181250047e+05	0.000000000000000000e+00	-2.919215833218749762e+08	2.844173886716250181e+08	0.000000000000000000e+00	0.000000000000000000e+00	4.060516320625000517e+05	0.000000000000000000e+00
1.159999999999999920e+00	0.000000000000000000e+00	-2.601834662362500094e+05	-2.909485113774687648e+08	2.872615625583413243e+08	0.000000000000000000e+00	0.000000000000000000e+00	-8.561631206249992829e+04	0.000000000000000000e+00
1.179999999999999938e+00	1.300917331181250047e+05	-5.203669324725000188e+05	-2.880292955442500114e+08	2.842676953091663122e+08	0.000000000000000000e+00	0.000000000000000000e+00	2.062802372500000056e+05	0.000000000000000000e+00
1.199999999999999956e+00	2.601834662362500094e+05	0.000000000000000000e+00	-2.842867111426874995e+08	2.929499103317738175e+08	0.000000000000000000e+00	0.000000000000000000e+00	3.995427896250000922e+05	0.000000000000000000e+00
1.219999999999999973e+00	2.601834662362500094e+05	0.000000000000000000e+00	-2.982839768045312166e+08	3.061229262281438112e+08	0.000000000000000000e+00	0.000000000000000000e+00	2.601033574062499974e+05	0.000000000000000000e+00
1.239999999999999991e+00	2.601834662362500094e+05	-5.203669324725000188e+05	-2.893766259288125038e+08	2.922014435194800496e+08	0.000000000000000000e+00	0.000000000000000000e+00	-6.358638381249999657e+04	0.000000000000000000e+00
1.260000000000000009e+00	3.902751993543750141e+05	-5.203669324725000188e+05	-2.951776317512343526e+08	2.883094160955525637e+08	0.000000000000000000e+00	0.000000000000000000e+00	6.358638381249999657e+04	0.000000000000000000e+00
1.280000000000000027e+00	2.601834662362500094e+05	-2.601834662362500094e+05	-2.932689137064374685e+08	2.916026700696450472e+08	0.000000000000000000e+00	0.000000000000000000e+00	6.508842437499995867e+03	0.000000000000000000e+00
1.300000000000000044e+00	2.601834662362500094e+05	0.000000000000000000e+00	-3.013528960138124824e+08	2.969916311181600094e+08	0.000000000000000000e+00	0.000000000000000000e+00	2.853877068750000035e+04	0.000000000000000000e+00
1.320000000000000062e+00	2.601834662362500094e+05	0.000000000000000000e+00	-2.924081192940781116e+08	2.990873381925825477e+08	0.000000000000000000e+00	0.000000000000000000e+00	1.141550827500000014e+05	0.000000000000000000e+00
1.340000000000000080e+00	0.000000000000000000e+00	-2.601834662362500094e+05	-2.914350473496718407e+08	3.064223129530612826e+08	0.000000000000000000e+00	0.000000000000000000e+00	2.853877068750000035e+04	0.000000000000000000e+00
1.360000000000000098e+00	2.601834662362500094e+05	0.000000000000000000e+00	-2.896760326809374690e+08	2.916026700696450472e+08	0.000000000000000000e+00	0.000000000000000000e+00	0.000000000000000000e+00	0.000000000000000000e+00
1.380000000000000115e+00	0.000000000000000000e+00	-2.601834662362500094e+05	-2.963378329157187343e+08	3.007339651796287894e+08	0.000000000000000000e+00	0.000000000000000000e+00	0.000000000000000000e+00	0.000000000000000000e+00
1.400000000000000133e+00	1.300917331181250047e+05	0.000000000000000000e+00	-2.924455451380937696e+08	2.987879514676650167e+08	0.000000000000000000e+00	0.000000000000000000e+00	2.853877068750000035e+04	0.000000000000000000e+00
1.419999999999999929e+00	0.000000000000000000e+00	0.000000000000000000e+00	-2.967495171998906136e+08	2.948959240437375307e+08	0.000000000000000000e+00	0.000000000000000000e+00	0.000000000000000000e+00	0.000000000000000000e+00
1.439999999999999947e+00	1.300917331181250047e+05	-5.203669324725000188e+05	-2.940548564307656288e+08	2.950456174061962366e+08	0.000000000000000000e+00	0.000000000000000000e+00	0.000000000000000000e+00	0.000000000000000000e+00
1.459999999999999964e+00	1.300917331181250047e+05	-5.203669324725000188e+05	-2.967869430439062715e+08	2.972910178430775404e+08	0.000000000000000000e+00	0.000000000000000000e+00	0.000000000000000000e+00	0.000000000000000000e+00
1.479999999999999982e+00	3.902751993543750141e+05	0.000000000000000000e+00	-2.977974408323280811e+08	2.880100293706350327e+08	0.000000000000000000e+00	0.000000000000000000e+00	0.000000000000000000e+00	0.000000000000000000e+00
1.500000000000000000e+00	2.601834662362500094e+05	0.000000000000000000e+00	-2.942794114948593378e+08	2.925008302443975210e+08	0.000000000000000000e+00	0.000000000000000000e+00	0.000000000000000000e+00	0.000000000000000000e+00
1.520000000000000018e+00	3.902751993543750141e+05	0.000000000000000000e+00	-2.887778124245624542e+08	2.963928576683250070e+08	0.000000000000000000e+00	0.000000000000000000e+00	0.000000000000000000e+00	0.000000000000000000e+00
1.540000000000000036e+00	1.300917331181250047e+05	-2.601834662362500094e+05	-2.936057463025780916e+08	2.869621758334237933e+08	0.000000000000000000e+00	0.000000000000000000e+00	0.000000000000000000e+00	0.000000000000000000e+00
1.560000000000000053e+00	0.000000000000000000e+00	-2.601834662362500094e+05	-2.915473248817187548e+08	2.950456174061962366e+08	0.000000000000000000e+00	0.000000000000000000e+00	0.000000000000000000e+00	0.000000000000000000e+00
1.580000000000000071e+00	2.601834662362500094e+05	0.000000000000000000e+00	-2.927823777342343926e+08	2.962431643058663011e+08	0.000000000000000000e+00	0.000000000000000000e+00	0.000000000000000000e+00	0.000000000000000000e+00
1.600000000000000089e+00	0.000000000000000000e+00	0.000000000000000000e+00	-2.894889034608593583e+08	2.977400979304537773e+08	0.000000000000000000e+00	0.000000000000000000e+00	0.000000000000000000e+00	0.000000000000000000e+00
1.620000000000000107e+00	0.000000000000000000e+00	0.000000000000000000e+00	-2.921087125419531465e+08	2.869621758334237933e+08	0.000000000000000000e+00	0.000000000000000000e+00	0.000000000000000000e+00	0.000000000000000000e+00
1.640000000000000124e+00	2.601834662362500094e+05	-2.601834662362500094e+05	-2.980219958964218497e+08	2.872615625583413243e+08	0.000000000000000000e+00	0.000000000000000000e+00	0.000000000000000000e+00	0.000000000000000000e+00
1.660000000000000142e+00	1.300917331181250047e+05	-7.805503987087500282e+05	-2.890023674886562228e+08	2.845670820340837240e+08	0.000000000000000000e+00	0.000000000000000000e+00	0.000000000000000000e+00	0.000000000000000000e+00
1.679999999999999938e+00	1.300917331181250047e+05	-5.203669324725000188e+05	-2.928572294222655892e+08	2.893572696327638030e+08	0.000000000000000000e+00	0.000000000000000000e+00	0.000000000000000000e+00	0.000000000000000000e+00
1.699999999999999956e+00	1.300917331181250047e+05	0.000000000000000000e+00	-2.837627493264687061e+08	2.881597227330937386e+08	0.000000000000000000e+00	0.000000000000000000e+00	0.000000000000000000e+00	0.000000000000000000e+00
1.719999999999999973e+00	1.300917331181250047e+05	0.000000000000000000e+00	-2.893392000847968459e+08	2.818726015098263025e+08	0.000000000000000000e+00	0.000000000000000000e+00	0.000000000000000000e+00	0.000000000000000000e+00
1.739999999999999991e+00	7.805503987087500282e+05	0.000000000000000000e+00	-2.944665407149374485e+08	2.848664687590012550e+08	0.000000000000000000e+00	0.000000000000000000e+00	0.000000000000000000e+00	0.000000000000000000e+00
1.760000000000000009e+00	3.902751993543750141e+05	-2.601834662362500094e+05	-2.970114981079999804e+08	2.902554298075162172e+08	0.000000000000000000e+00	0.000000000000000000e+00	0.000000000000000000e+00	0.000000000000000000e+00
1.780000000000000027e+00	2.601834662362500094e+05	-2.601834662362500094e+05	-2.915473248817187548e+08	2.995364182799587846e+08	0.000000000000000000e+00	0.000000000000000000e+00	0.000000000000000000e+00	0.000000000000000000e+00
1.800000000000000044e+00	1.300917331181250047e+05	-2.601834662362500094e+05	-2.980594217404375076e+08	2.986382581052062511e+08	0.000000000000000000e+00	0.000000000000000000e+00	0.000000000000000000e+00	0.000000000000000000e+00
1.820000000000000062e+00	3.902751993543750141e+05	-5.203669324725000188e+05	-2.917344541017968655e+08	2.972910178430775404e+08	0.000000000000000000e+00	0.000000000000000000e+00	0.000000000000000000e+00	0.000000000000000000e+00
1.840000000000000080e+00	0.000000000000000000e+00	-5.203669324725000188e+05	-2.974980340802031159e+08	2.914529767071862221e+08	0.000000000000000000e+00	0.000000000000000000e+00	0.000000000000000000e+00	0.000000000000000000e+00
1.860000000000000098e+00	2.601834662362500094e+05	-2.601834662362500094e+05	-2.925952485141562223e+08	3.019315120792987943e+08	0.000000000000000000e+00	0.000000000000000000e+00	0.000000000000000000e+00	0.000000000000000000e+00
1.880000000000000115e+00	5.203669324725000188e+05	-7.805503987087500282e+05	-2.943168373388749957e+08	3.058235395032262802e+08	0.000000000000000000e+00	0.000000000000000000e+00	0.000000000000000000e+00	0.000000000000000000e+00
1.900000000000000133e+00	2.601834662362500094e+05	-2.601834662362500094e+05	-2.954021868153281212e+08	2.917523634321037531e+08	0.000000000000000000e+00	0.000000000000000000e+00	0.000000000000000000e+00	0.000000000000000000e+00
1.919999999999999929e+00	6.504586655906250235e+05	0.000000000000000000e+00	-2.951027800632030964e+08	3.002848850922525525e+08	0.000000000000000000e+00	0.000000000000000000e+00	0.000000000000000000e+00	0.000000000000000000e+00
1.939999999999999947e+00	3.902751993543750141e+05	-2.601834662362500094e+05	-2.931566361743906736e+08	3.005842718171700239e+08	0.000000000000000000e+00	0.000000000000000000e+00	0.000000000000000000e+00	0.000000000000000000e+00
1.959999999999999964e+00	1.300917331181250047e+05	-5.203669324725000188e+05	-2.940174305867499709e+08	2.989376448301237822e+08	0.000000000000000000e+00	0.000000000000000000e+00	0.000000000000000000e+00	0.000000000000000000e+00
1.979999999999999982e+00	1.300917331181250047e+05	-2.601834662362500094e+05	-2.956267418794218302e+08	3.028296722540512681e+08	0.000000000000000000e+00	0.000000000000000000e+00	0.000000000000000000e+00	0.000000000000000000e+00
2.000000000000000000e+00	1.300917331181250047e+05	0.000000000000000000e+00	-2.947285216230468750e+08	2.929499103317738175e+08	0.000000000000000000e+00	0.000000000000000000e+00	0.000000000000000000e+00	0.000000000000000000e+00
