# nm	H2O.H	H2O.O	CCl4.Cl	CCl4.C	Na+	Cl-	DDC.T	DDC.HG
-2.000000000000000000e+00	2.718917222168812752e+09	-2.724901441892246723e+09	0.000000000000000000e+00	0.000000000000000000e+00	5.357278006250000000e+07	-5.908026212500000000e+07	0.000000000000000000e+00	0.000000000000000000e+00
-1.979999999999999982e+00	2.697972453136794567e+09	-2.675726766773594856e+09	0.000000000000000000e+00	0.000000000000000000e+00	6.008162250000000000e+07	-4.506121687500000000e+07	0.000000000000000000e+00	0.000000000000000000e+00
-1.959999999999999964e+00	2.714364011509678841e+09	-2.716835754438922405e+09	0.000000000000000000e+00	0.000000000000000000e+00	6.458774418750000000e+07	-5.707754137500000000e+07	0.000000000000000000e+00	0.000000000000000000e+00
-1.939999999999999947e+00	2.707208966188181400e+09	-2.702785847262165070e+09	0.000000000000000000e+00	0.000000000000000000e+00	4.055509518750000000e+07	-5.357278006250000000e+07	0.000000000000000000e+00	0.000000000000000000e+00
-1.919999999999999929e+00	2.692508600345833302e+09	-2.728544010419553757e+09	0.000000000000000000e+00	0.000000000000000000e+00	5.657686118750000000e+07	-5.507482062500000000e+07	0.000000000000000000e+00	0.000000000000000000e+00
-1.900000000000000133e+00	2.720868598165584564e+09	-2.685353555024336338e+09	0.000000000000000000e+00	0.000000000000000000e+00	6.258502343750000000e+07	-5.958094231250000000e+07	0.000000000000000000e+00	0.000000000000000000e+00
-1.880000000000000115e+00	2.727243093088372231e+09	-2.710331167783016205e+09	0.000000000000000000e+00	0.000000000000000000e+00	4.606257725000000000e+07	-6.508842437500000000e+07	0.000000000000000000e+00	0.000000000000000000e+00
-1.860000000000000098e+00	2.674686032908650398e+09	-2.735308780541696072e+09	0.000000000000000000e+00	0.000000000000000000e+00	5.607618100000000000e+07	-5.958094231250000000e+07	0.000000000000000000e+00	0.000000000000000000e+00
-1.840000000000000080e+00	2.726852817889018059e+09	-2.738951349069004059e+09	0.000000000000000000e+00	0.000000000000000000e+00	5.106937912500000000e+07	-5.357278006250000000e+07	0.000000000000000000e+00	0.000000000000000000e+00
-1.820000000000000062e+00	2.724250983226655483e+09	-2.707208966188181877e+09	0.000000000000000000e+00	0.000000000000000000e+00	5.106937912500000000e+07	-5.257141968750000000e+07	0.000000000000000000e+00	0.000000000000000000e+00
-1.800000000000000044e+00	2.729975019483853340e+09	-2.723860708027301311e+09	0.000000000000000000e+00	0.000000000000000000e+00	4.405985650000000000e+07	-5.707754137500000000e+07	0.000000000000000000e+00	0.000000000000000000e+00
-1.780000000000000027e+00	2.707599241387535572e+09	-2.669222180117688656e+09	0.000000000000000000e+00	0.000000000000000000e+00	5.157005931250000000e+07	-5.407346025000000000e+07	0.000000000000000000e+00	0.000000000000000000e+00
-1.760000000000000009e+00	2.689386398750998497e+09	-2.735829147474168777e+09	0.000000000000000000e+00	0.000000000000000000e+00	5.607618100000000000e+07	-4.305849612500000000e+07	0.000000000000000000e+00	0.000000000000000000e+00
-1.739999999999999991e+00	2.728153735220199585e+09	-2.731406028548152924e+09	0.000000000000000000e+00	0.000000000000000000e+00	5.307209987500000000e+07	-4.906665837500000000e+07	0.000000000000000000e+00	0.000000000000000000e+00
-1.719999999999999973e+00	2.706948782721944809e+09	-2.712672818979142666e+09	0.000000000000000000e+00	0.000000000000000000e+00	6.258502343750000000e+07	-4.856597818750000000e+07	0.000000000000000000e+00	0.000000000000000000e+00
-1.699999999999999956e+00	2.729324560818262100e+09	-2.712933002445378780e+09	0.000000000000000000e+00	0.000000000000000000e+00	6.859318568750000000e+07	-6.358638381250000000e+07	0.000000000000000000e+00	0.000000000000000000e+00
-1.679999999999999938e+00	2.693549334210778236e+09	-2.735308780541696072e+09	0.000000000000000000e+00	0.000000000000000000e+00	5.056869893750000000e+07	-6.458774418750000000e+07	0.000000000000000000e+00	0.000000000000000000e+00
-1.660000000000000142e+00	2.705257590191409111e+09	-2.682231353429501057e+09	0.000000000000000000e+00	0.000000000000000000e+00	5.657686118750000000e+07	-5.557550081250000000e+07	0.000000000000000000e+00	0.000000000000000000e+00
-1.640000000000000124e+00	2.687695206220462322e+09	-2.750659605049634933e+09	0.000000000000000000e+00	0.000000000000000000e+00	5.757822156250000000e+07	-4.656325743750000000e+07	0.000000000000000000e+00	0.000000000000000000e+00
-1.620000000000000107e+00	2.689516490484116554e+09	-2.676767500638540268e+09	0.000000000000000000e+00	0.000000000000000000e+00	6.809250550000000000e+07	-5.407346025000000000e+07	0.000000000000000000e+00	0.000000000000000000e+00
-1.600000000000000089e+00	2.723600524561064720e+09	-2.730625478149443626e+09	0.000000000000000000e+00	0.000000000000000000e+00	5.857958193750000000e+07	-5.757822156250000000e+07	0.000000000000000000e+00	0.000000000000000000e+00
-1.580000000000000071e+00	2.718917222168812752e+09	-2.685353555024336338e+09	0.000000000000000000e+00	0.000000000000000000e+00	5.857958193750000000e+07	-5.507482062500000000e+07	0.000000000000000000e+00	0.000000000000000000e+00
-1.560000000000000053e+00	2.716055204040213585e+09	-2.689776673950352669e+09	0.000000000000000000e+00	0.000000000000000000e+00	7.860678943750000000e+07	-5.106937912500000000e+07	0.000000000000000000e+00	0.000000000000000000e+00
-1.540000000000000036e+00	2.700444196066039085e+09	-2.751440155448344231e+09	0.000000000000000000e+00	0.000000000000000000e+00	7.410066775000000000e+07	-5.958094231250000000e+07	0.000000000000000000e+00	0.000000000000000000e+00
-1.520000000000000018e+00	2.706948782721944809e+09	-2.726982909622136116e+09	0.000000000000000000e+00	0.000000000000000000e+00	6.608978475000000000e+07	-6.258502343750000000e+07	0.000000000000000000e+00	0.000000000000000000e+00
-1.500000000000000000e+00	2.725421808824718952e+09	-2.707208966188181877e+09	0.000000000000000000e+00	0.000000000000000000e+00	5.557550081250000000e+07	-5.958094231250000000e+07	0.000000000000000000e+00	0.000000000000000000e+00
-1.479999999999999982e+00	2.713713552844087601e+09	-2.745976302657382965e+09	0.000000000000000000e+00	0.000000000000000000e+00	6.008162250000000000e+07	-6.608978475000000000e+07	0.000000000000000000e+00	0.000000000000000000e+00
-1.459999999999999964e+00	2.734007863210515022e+09	-2.699403462201093674e+09	0.000000000000000000e+00	0.000000000000000000e+00	7.209794700000000000e+07	-6.809250550000000000e+07	0.000000000000000000e+00	0.000000000000000000e+00
-1.439999999999999947e+00	2.681060527831438065e+09	-2.746496669589855194e+09	0.000000000000000000e+00	0.000000000000000000e+00	6.759182531250000000e+07	-5.807890175000000000e+07	0.000000000000000000e+00	0.000000000000000000e+00
-1.419999999999999929e+00	2.700964562998511314e+09	-2.713193185911614895e+09	0.000000000000000000e+00	0.000000000000000000e+00	6.158366306250000000e+07	-6.108298287500000000e+07	0.000000000000000000e+00	0.000000000000000000e+00
-1.400000000000000133e+00	2.706818690988826752e+09	-2.701224746464747429e+09	0.000000000000000000e+00	0.000000000000000000e+00	6.709114512500000000e+07	-7.259862718750000000e+07	0.000000000000000000e+00	0.000000000000000000e+00
-1.380000000000000115e+00	2.728544010419553757e+09	-2.712412635512906075e+09	0.000000000000000000e+00	0.000000000000000000e+00	7.460134793750000000e+07	-6.608978475000000000e+07	0.000000000000000000e+00	0.000000000000000000e+00
-1.360000000000000098e+00	2.712672818979142189e+09	-2.657253740670821190e+09	0.000000000000000000e+00	0.000000000000000000e+00	8.111019037500000000e+07	-7.009522625000000000e+07	0.000000000000000000e+00	0.000000000000000000e+00
-1.340000000000000080e+00	2.704086764593346596e+09	-2.737130064805350304e+09	0.000000000000000000e+00	0.000000000000000000e+00	6.308570362500000000e+07	-6.358638381250000000e+07	0.000000000000000000e+00	0.000000000000000000e+00
-1.320000000000000062e+00	2.720348231233112335e+09	-2.730105111216971397e+09	0.000000000000000000e+00	0.000000000000000000e+00	7.510202812500000000e+07	-5.106937912500000000e+07	0.000000000000000000e+00	0.000000000000000000e+00
-1.300000000000000044e+00	2.686914655821753502e+09	-2.717876488303867817e+09	0.000000000000000000e+00	0.000000000000000000e+00	6.408706400000000000e+07	-6.608978475000000000e+07	0.000000000000000000e+00	0.000000000000000000e+00
-1.280000000000000027e+00	2.699403462201094151e+09	-2.697321994471204281e+09	0.000000000000000000e+00	0.000000000000000000e+00	6.709114512500000000e+07	-6.508842437500000000e+07	0.000000000000000000e+00	0.000000000000000000e+00
-1.260000000000000009e+00	2.728153735220199585e+09	-2.731145845081916332e+09	0.000000000000000000e+00	0.000000000000000000e+00	8.261223093750000000e+07	-7.059590643750000000e+07	0.000000000000000000e+00	0.000000000000000000e+00
-1.239999999999999991e+00	2.720218139499993801e+09	-2.737130064805350304e+09	0.000000000000000000e+00	0.000000000000000000e+00	7.760542906250000000e+07	-6.058230268750000000e+07	0.000000000000000000e+00	0.000000000000000000e+00
-1.219999999999999973e+00	2.722299607229884148e+09	-2.718657038702576160e+09	0.000000000000000000e+00	0.000000000000000000e+00	8.060951018750000000e+07	-7.259862718750000000e+07	0.000000000000000000e+00	0.000000000000000000e+00
-1.199999999999999956e+00	2.654912089474695206e+09	-2.668181446252743721e+09	0.000000000000000000e+00	0.000000000000000000e+00	7.510202812500000000e+07	-8.111019037500000000e+07	0.000000000000000000e+00	0.000000000000000000e+00
-1.179999999999999938e+00	2.700834471265393257e+09	-2.700184012599802971e+09	0.000000000000000000e+00	0.000000000000000000e+00	5.707754137500000000e+07	-7.059590643750000000e+07	0.000000000000000000e+00	0.000000000000000000e+00
-1.159999999999999920e+00	2.726462542689663887e+09	-2.735829147474168777e+09	0.000000000000000000e+00	0.000000000000000000e+00	6.558910456250000000e+07	-7.860678943750000000e+07	0.000000000000000000e+00	0.000000000000000000e+00
-1.140000000000000124e+00	2.723080157628592491e+09	-2.684833188091863632e+09	0.000000000000000000e+00	0.000000000000000000e+00	7.610338850000000000e+07	-6.759182531250000000e+07	0.000000000000000000e+00	0.000000000000000000e+00
-1.120000000000000107e+00	2.701354838197865486e+09	-2.662197226529310226e+09	0.000000000000000000e+00	0.000000000000000000e+00	7.359998756250000000e+07	-6.508842437500000000e+07	0.000000000000000000e+00	0.000000000000000000e+00
-1.100000000000000089e+00	2.673515207310586929e+09	-2.726982909622136116e+09	0.000000000000000000e+00	0.000000000000000000e+00	8.211155075000000000e+07	-6.608978475000000000e+07	0.000000000000000000e+00	0.000000000000000000e+00
-1.080000000000000071e+00	2.749228595985335350e+09	-2.775116850875842094e+09	0.000000000000000000e+00	0.000000000000000000e+00	6.659046493750000000e+07	-7.009522625000000000e+07	0.000000000000000000e+00	0.000000000000000000e+00
-1.060000000000000053e+00	2.736609697872877598e+09	-2.718136671770103931e+09	0.000000000000000000e+00	0.000000000000000000e+00	9.062311393750000000e+07	-6.258502343750000000e+07	0.000000000000000000e+00	0.000000000000000000e+00
-1.040000000000000036e+00	2.694980343275077820e+09	-2.732967129345569611e+09	0.000000000000000000e+00	0.000000000000000000e+00	7.560270831250000000e+07	-6.208434325000000000e+07	0.000000000000000000e+00	-9.042284186250000494e+05
-1.020000000000000018e+00	2.686914655821753502e+09	-2.720218139499993801e+09	0.000000000000000000e+00	0.000000000000000000e+00	7.710474887500000000e+07	-6.608978475000000000e+07	0.000000000000000000e+00	-9.042284186250000494e+05
-1.000000000000000000e+00	2.709940892583662033e+09	-2.695240526741313934e+09	0.000000000000000000e+00	0.000000000000000000e+00	8.461495168750000000e+07	-7.309930737500000000e+07	0.000000000000000000e+00	-9.042284186250000494e+05
-9.799999999999999822e-01	2.712022360313551903e+09	-2.737910615204059124e+09	0.000000000000000000e+00	0.000000000000000000e+00	8.060951018750000000e+07	-5.457414043750000000e+07	0.000000000000000000e+00	0.000000000000000000e+00
-9.599999999999999645e-01	2.717226029638277054e+09	-2.736609697872877598e+09	0.000000000000000000e+00	0.000000000000000000e+00	8.511563187500000000e+07	-5.807890175000000000e+07	0.000000000000000000e+00	-8.306284310624999925e+05
-9.400000000000000577e-01	2.710591351249252319e+09	-2.744155018393728733e+09	0.000000000000000000e+00	0.000000000000000000e+00	8.010883000000000000e+07	-5.357278006250000000e+07	0.000000000000000000e+00	1.051428393750000047e+06
-9.200000000000000400e-01	2.698883095268621445e+09	-2.703306214194637299e+09	0.000000000000000000e+00	0.000000000000000000e+00	7.560270831250000000e+07	-6.108298287500000000e+07	0.000000000000000000e+00	-1.282742640374999959e+06
-9.000000000000000222e-01	2.704607131525818825e+09	-2.718917222168812275e+09	0.000000000000000000e+00	0.000000000000000000e+00	8.811971300000000000e+07	-5.207073950000000000e+07	0.000000000000000000e+00	-8.306284310624999925e+05
-8.800000000000000044e-01	2.734658321876105309e+09	-2.704607131525818825e+09	0.000000000000000000e+00	0.000000000000000000e+00	8.862039318750000000e+07	-4.806529800000000000e+07	0.000000000000000000e+00	-3.995427896250000689e+06
-8.599999999999999867e-01	2.704607131525818825e+09	-2.754562357043178558e+09	0.000000000000000000e+00	0.000000000000000000e+00	9.262583468750000000e+07	-4.606257725000000000e+07	5.807890174999999726e+04	-2.639085268312500324e+06
-8.399999999999999689e-01	2.718657038702576637e+09	-2.756643824773068905e+09	0.000000000000000000e+00	0.000000000000000000e+00	9.963535731250000000e+07	-4.906665837500000000e+07	3.179319190624999828e+04	-5.351770524187499657e+06
-8.200000000000000622e-01	2.708119608320008278e+09	-2.730885661615680218e+09	0.000000000000000000e+00	0.000000000000000000e+00	1.061441997500000000e+08	-5.106937912500000000e+07	-2.152924806249999674e+05	-4.678856352187500335e+06
-8.000000000000000444e-01	2.733747679744278431e+09	-2.731145845081916332e+09	0.000000000000000000e+00	0.000000000000000000e+00	1.001360375000000000e+08	-4.305849612500000000e+07	2.087836381875000079e+05	-5.362284808125000447e+06
-7.800000000000000266e-01	2.737520340004704475e+09	-2.761587310631556988e+09	0.000000000000000000e+00	0.000000000000000000e+00	1.091482808750000000e+08	-4.656325743750000000e+07	-6.053223466874998994e+05	-9.652112654625000432e+06
-7.600000000000000089e-01	2.701745113397219658e+09	-2.799834280168286800e+09	0.000000000000000000e+00	0.000000000000000000e+00	1.191618846250000000e+08	-4.706393762500000000e+07	-2.070312575312499539e+05	-1.071405533231250010e+07
-7.399999999999999911e-01	2.709420525651189327e+09	-2.726202359223427773e+09	0.000000000000000000e+00	0.000000000000000000e+00	1.071455601250000000e+08	-4.255781593750000000e+07	3.847727240937500028e+05	-6.802741707562499680e+06
-7.199999999999999734e-01	2.710591351249252319e+09	-2.729844927750734806e+09	0.000000000000000000e+00	0.000000000000000000e+00	1.181605242500000000e+08	-4.405985650000000000e+07	4.829060408437500009e+05	-1.260662644106250070e+07
-7.000000000000000666e-01	2.729324560818262100e+09	-2.744155018393728733e+09	0.000000000000000000e+00	0.000000000000000000e+00	1.231673261250000000e+08	-3.454693293750000000e+07	-7.485168803124985425e+04	-1.238582647837499902e+07
-6.800000000000000488e-01	2.723210249361710548e+09	-2.741553183731366634e+09	0.000000000000000000e+00	0.000000000000000000e+00	1.216652855625000000e+08	-3.905305462500000000e+07	-6.621495479687501211e+05	-9.757255493999999017e+06
-6.600000000000000311e-01	2.725291717091600418e+09	-2.777458502071968555e+09	-3.742584401562499988e+04	0.000000000000000000e+00	1.181605242500000000e+08	-3.905305462500000000e+07	-1.412669149031249806e+06	-1.013576971574999951e+07
-6.400000000000000133e-01	2.727763460020844936e+09	-2.707729333120653629e+09	0.000000000000000000e+00	0.000000000000000000e+00	1.266720874375000000e+08	-3.404625275000000000e+07	-9.487889553125002421e+05	-8.726855668124999851e+06
-6.199999999999999956e-01	2.694980343275077820e+09	-2.753781806644469738e+09	0.000000000000000000e+00	0.000000000000000000e+00	1.106503214375000000e+08	-3.254421218750000000e+07	-4.643808739062497625e+05	-2.618056700437500328e+07
-5.999999999999999778e-01	2.717095937905158997e+09	-2.715534837107741356e+09	-1.122775320468749997e+05	0.000000000000000000e+00	1.146557629375000000e+08	-3.404625275000000000e+07	-1.732353448750000447e+06	-3.245759451506249607e+07
-5.799999999999999600e-01	2.678848968368430138e+09	-2.743894834927492142e+09	-1.122775320468749997e+05	0.000000000000000000e+00	1.311782091250000000e+08	-3.154285181250000000e+07	-2.132396918562499341e+06	-4.956433448137500137e+07
-5.600000000000000533e-01	2.694720159808841705e+09	-2.742593917596311569e+09	-3.742584401562499988e+04	0.000000000000000000e+00	1.256707270625000000e+08	-3.154285181250000000e+07	-3.471716420124999247e+06	-4.454902104318749905e+07
-5.400000000000000355e-01	2.717356121371395111e+09	-2.738691165602767467e+09	-3.742584401562499988e+04	1.496933624587500235e+05	1.226666459375000000e+08	-3.604897350000000000e+07	-3.588875583999999799e+06	-3.860845061850000173e+07
-5.200000000000000178e-01	2.704477039792700768e+09	-2.753261439711997509e+09	-1.122775320468749997e+05	0.000000000000000000e+00	1.351836506250000000e+08	-2.853877068750000000e+07	-3.826949013156248722e+06	-5.380159090818750113e+07
-5.000000000000000000e-01	2.708900158718716621e+09	-2.691858141680242538e+09	-2.994067521249999991e+05	0.000000000000000000e+00	1.346829704375000000e+08	-3.154285181250000000e+07	-4.506872707781249657e+06	-6.048867549243749678e+07
-4.799999999999999822e-01	2.711762176847315788e+09	-2.681450803030792713e+09	-2.994067521249999991e+05	1.496933624587500235e+05	1.271727676250000000e+08	-2.303128862500000000e+07	-5.051863091874999925e+06	-5.754467598993749917e+07
-4.600000000000000200e-01	2.664278694259200096e+09	-2.705127498458291531e+09	-5.613876602343749255e+05	1.496933624587500235e+05	1.131537223750000000e+08	-2.653604993750000000e+07	-3.626927278249999508e+06	-6.733347433574998379e+07
-4.400000000000000022e-01	2.674165665976177692e+09	-2.632276127912141800e+09	-4.116842841718749842e+05	0.000000000000000000e+00	1.191618846250000000e+08	-2.253060843750000000e+07	-6.580940384499998763e+06	-8.216912897156248987e+07
-4.199999999999999845e-01	2.647366768953843594e+09	-2.690817407815298080e+09	-8.607944123593750410e+05	7.484668122937500011e+05	1.116516818125000000e+08	-2.553468956250000000e+07	-7.695955162062497810e+06	-8.705827100249998271e+07
-4.000000000000000222e-01	2.668311537985862255e+09	-2.633056678310850143e+09	-8.233685683437499683e+05	1.496933624587500235e+05	1.171591638750000000e+08	-2.052788768750000000e+07	-9.102616148843750358e+06	-9.307244141475000978e+07
-3.800000000000000044e-01	2.610680900214532375e+09	-2.601314295430027962e+09	-1.160201164484374924e+06	0.000000000000000000e+00	1.096489610625000000e+08	-2.653604993750000000e+07	-9.616814701406247914e+06	-1.116406668483749926e+08
-3.599999999999999867e-01	2.589606039449396133e+09	-2.559945124298463345e+09	-1.646737136687499937e+06	5.987734498350000940e+05	1.081469205000000000e+08	-2.353196881250000000e+07	-1.501865324434374832e+07	-8.182215760162498057e+07
-3.400000000000000244e-01	2.553700721108794212e+09	-2.554481271507502556e+09	-2.133273108890624717e+06	1.047853537211249932e+06	1.021387582500000000e+08	-2.152924806250000000e+07	-1.176598440624999814e+07	-8.246352892181251943e+07
-3.200000000000000067e-01	2.532625860343657494e+09	-2.507127880652504921e+09	-2.956641677234374918e+06	1.946013711963750422e+06	9.062311393750000000e+07	-2.102856787500000000e+07	-1.292505904031250253e+07	-8.480821423987500370e+07
-2.999999999999999889e-01	2.505046412922615051e+09	-2.548236868317832470e+09	-3.667732713531250134e+06	2.095707074422499863e+06	9.713195637500000000e+07	-2.253060843750000000e+07	-1.871141996724999696e+07	-8.013987217162500322e+07
-2.800000000000000266e-01	2.469921644980721474e+09	-2.445204215688277721e+09	-4.378823749828125350e+06	2.095707074422499863e+06	7.710474887500000000e+07	-1.852516693750000000e+07	-1.768452490268749371e+07	-8.941347060449999571e+07
-2.600000000000000089e-01	2.444163481823332787e+09	-2.386142568852648735e+09	-6.474671014703124762e+06	2.245400436881249771e+06	7.009522625000000000e+07	-2.202992825000000000e+07	-1.895174645725000277e+07	-7.511404444949999452e+07
-2.399999999999999911e-01	2.384711559788349152e+09	-2.379117615264270306e+09	-8.083982307374999858e+06	3.143560611633750610e+06	6.709114512500000000e+07	-2.002720750000000000e+07	-2.237464655909375101e+07	-1.017887827989375144e+08
-2.200000000000000011e-01	2.338659086264533043e+09	-2.267759091715155125e+09	-9.431312691937498748e+06	6.137427860808750615e+06	6.709114512500000000e+07	-1.952652731250000000e+07	-2.319551172649999708e+07	-8.536547128856250644e+07
-2.000000000000000111e-01	2.270100742911281109e+09	-2.227690837914772511e+09	-1.324874878153124824e+07	5.688347773432499729e+06	5.507482062500000000e+07	-1.852516693750000000e+07	-3.053798667618750036e+07	-1.024616969709374756e+08
-1.799999999999999933e-01	2.188273042779980659e+09	-2.213901114204251289e+09	-1.369785890971875004e+07	8.682215022607499734e+06	4.005441500000000000e+07	-2.002720750000000000e+07	-2.116350118553125113e+07	-7.593415859662500024e+07
-1.600000000000000033e-01	2.105144425317498684e+09	-2.120495249825437784e+09	-1.751529499931249768e+07	1.137669554686499946e+07	3.905305462500000000e+07	-2.303128862500000000e+07	-3.291221212531249598e+07	-7.894124380274999142e+07
-1.400000000000000133e-01	2.068458556578187466e+09	-2.047904062745523691e+09	-2.305431991362499818e+07	1.736443004521499947e+07	3.755101406250000000e+07	-1.652244618750000000e+07	-2.253561523937500641e+07	-8.916112778999999166e+07
-1.199999999999999956e-01	1.961913427154443264e+09	-1.957880583427781343e+09	-2.529987055456249788e+07	1.751412340767375007e+07	3.154285181250000000e+07	-1.952652731250000000e+07	-2.201816226559373736e+07	-3.534902259787498415e+07
-1.000000000000000056e-01	1.860051600122951269e+09	-1.856148848129407406e+09	-2.893017742407812551e+07	2.380124463094125316e+07	2.853877068750000000e+07	-1.802448675000000000e+07	-3.057904245156249776e+07	-5.050010575181253254e+07
-8.000000000000000167e-02	1.781085918120249510e+09	-1.787980779975510120e+09	-3.592881025499999523e+07	2.799265877978625149e+07	2.202992825000000000e+07	-1.802448675000000000e+07	-2.846967682162500918e+07	-4.513782094368749857e+07
-5.999999999999999778e-02	1.658799688989211798e+09	-1.667515835108126163e+09	-4.367595996623437107e+07	3.128591275387874991e+07	1.502040562500000000e+07	-1.251700468750000000e+07	-2.872352167668749765e+07	-4.957484876531250775e+07
-4.000000000000000083e-02	1.494754013527256250e+09	-1.549912908369341373e+09	-5.104885123731249571e+07	3.652518043993500620e+07	1.852516693750000000e+07	-1.251700468750000000e+07	-3.066966556549999490e+07	-4.234102141631248593e+07
-2.000000000000000042e-02	1.435562274958509445e+09	-1.412015671264128923e+09	-5.643817277556249499e+07	4.520739546254250407e+07	9.512923562500000000e+06	-1.051428393750000000e+07	-2.885019376412499323e+07	-2.339428176093748957e+07
0.000000000000000000e+00	1.267223572303655624e+09	-1.278281369618696213e+09	-6.830216532851561904e+07	5.418899721006750315e+07	8.511563187500000000e+06	-1.301768487500000000e+07	-2.500121482271874696e+07	-1.418376903168749064e+07
2.000000000000000042e-02	1.181102844979456902e+09	-1.172907065793015242e+09	-7.713466451620313525e+07	6.421845249480375648e+07	6.008162250000000000e+06	-1.151564431250000000e+07	-3.752973515453124791e+07	-3.522285119062501937e+06
4.000000000000000083e-02	1.042945424408008099e+09	-1.026944141234478712e+09	-8.694023564829686284e+07	7.035588035561250150e+07	4.506121687500000000e+06	-1.151564431250000000e+07	-3.449561321828124672e+07	-1.663359718912500516e+07
5.999999999999999778e-02	9.271637819328769445e+08	-9.064791963670951128e+08	-9.551075392787499726e+07	8.203196262739500403e+07	6.008162250000000000e+06	-7.009522625000000000e+06	-2.788888780412500352e+07	-1.271176928043749556e+07
8.000000000000000167e-02	7.973322322809882164e+08	-8.055280114674298763e+08	-1.090214836175156236e+08	9.236080463704875112e+07	2.503400937500000000e+06	-7.009522625000000000e+06	-2.634904588746875525e+07	-9.589026950999997556e+06
1.000000000000000056e-01	7.208382932075304985e+08	-6.988527903105674982e+08	-1.167312074847343564e+08	1.148148090058612525e+08	1.001360375000000000e+06	-3.504761312500000000e+06	-2.013134897900000587e+07	-8.358855730312500149e+06
1.199999999999999956e-01	6.231394016358187199e+08	-5.924377526199412346e+08	-1.306161956145312488e+08	1.254430377404325157e+08	2.503400937500000000e+06	-2.002720750000000000e+06	-3.708212706690625101e+07	-2.313142466250000522e+06
1.400000000000000133e-01	5.294733537907687426e+08	-5.141225292828299999e+08	-1.475326771095937490e+08	1.472982686594099998e+08	5.006801875000000000e+05	-3.504761312500000000e+06	-2.542754400237501040e+07	-9.462855543750002980e+05
1.600000000000000033e-01	4.668992301609506011e+08	-4.227981326339062452e+08	-1.593966696625468731e+08	1.504418292710437477e+08	5.006801875000000000e+05	-2.002720750000000000e+06	-2.309237160787499323e+07	-6.287541794625000097e+06
1.799999999999999933e-01	3.757049252451450229e+08	-3.681596047242937684e+08	-1.717846240317187607e+08	1.660099389667537510e+08	1.502040562500000000e+06	-1.001360375000000000e+06	-2.754692323606250808e+07	-4.836570611250000075e+06
2.000000000000000111e-01	3.107891504192006588e+08	-2.851610789949299693e+08	-1.775482040101250112e+08	1.904099570475300252e+08	5.006801875000000000e+05	0.000000000000000000e+00	-1.322071069103124738e+07	-6.939427398749999702e+05
2.200000000000000011e-01	2.717616304837630987e+08	-2.294818172203724980e+08	-1.946518147252656221e+08	2.047805198435700238e+08	0.000000000000000000e+00	-1.001360375000000000e+06	-7.564025932656254619e+06	-1.219656936749999411e+06
2.399999999999999911e-01	2.089273233877087533e+08	-1.961783335421324968e+08	-2.081625444149062335e+08	2.231928034259962738e+08	0.000000000000000000e+00	0.000000000000000000e+00	-9.004482832093751058e+06	-1.061942677687499905e+06
2.600000000000000089e-01	1.734122802464606166e+08	-1.483045757546625137e+08	-2.167704885384999812e+08	2.263363640376299918e+08	0.000000000000000000e+00	0.000000000000000000e+00	-8.746632535531256348e+06	-2.197485342937499750e+06
2.800000000000000266e-01	1.364662280409131348e+08	-1.030326526295549870e+08	-2.212241639763593674e+08	2.422038604582575262e+08	0.000000000000000000e+00	-5.006801875000000000e+05	-5.108690293156243861e+06	-1.577142590624997392e+05
2.999999999999999889e-01	1.039432947613818794e+08	-7.753467293840250373e+07	-2.209247572242343724e+08	2.595682905034725070e+08	0.000000000000000000e+00	-1.001360375000000000e+06	-9.909712611093753949e+06	-1.209142652812500019e+06
3.200000000000000067e-01	8.156751666506436467e+07	-6.478568309282625467e+07	-2.307677542003437579e+08	2.619633843028125167e+08	0.000000000000000000e+00	-5.006801875000000000e+05	-3.142018516656254418e+06	-8.306284310624999925e+05
3.400000000000000244e-01	6.439540789347187430e+07	-4.813394125370625407e+07	-2.419206557170000076e+08	2.734897732121362686e+08	0.000000000000000000e+00	-1.001360375000000000e+06	-5.302203185625002719e+06	6.729141720000001369e+05
3.599999999999999867e-01	4.592238179069811851e+07	-3.096183248211374879e+07	-2.481707716676093936e+08	2.571731967041324973e+08	0.000000000000000000e+00	0.000000000000000000e+00	-9.520433765312477481e+05	7.359998756249999860e+04
3.800000000000000044e-01	3.369375887759437412e+07	-2.497761275868000090e+07	-2.497800829602812231e+08	2.640590913772350550e+08	0.000000000000000000e+00	0.000000000000000000e+00	3.891787097437503282e+06	1.577142590625000186e+06
4.000000000000000222e-01	2.862018128598750010e+07	-1.795265917030125111e+07	-2.554688112506562471e+08	2.597179838659312725e+08	0.000000000000000000e+00	0.000000000000000000e+00	1.031401186250002356e+05	-3.785142217500000261e+05
4.199999999999999845e-01	1.808275090341937542e+07	-9.886971716977501288e+06	-2.530361313896405995e+08	2.586701303287200332e+08	0.000000000000000000e+00	0.000000000000000000e+00	7.580298038749997504e+06	-9.042284186250000494e+05
4.400000000000000022e-01	1.730220050471062586e+07	-7.805503987087500282e+06	-2.584254529278905988e+08	2.776811873609813452e+08	0.000000000000000000e+00	0.000000000000000000e+00	1.018208263309375010e+07	0.000000000000000000e+00
4.600000000000000200e-01	8.976329585150625557e+06	-7.545320520851249807e+06	-2.593236731842656136e+08	2.546284095423337817e+08	0.000000000000000000e+00	0.000000000000000000e+00	8.685799892750000581e+06	-4.521142093125000247e+05
4.799999999999999822e-01	6.244403189670000225e+06	-3.642568527307499666e+06	-2.675573588677031100e+08	2.547781029047925174e+08	0.000000000000000000e+00	0.000000000000000000e+00	7.369261339718752541e+06	0.000000000000000000e+00
5.000000000000000000e-01	5.333761057843124494e+06	-2.081467729890000075e+06	-2.596979316244218647e+08	2.682505055260799825e+08	0.000000000000000000e+00	0.000000000000000000e+00	3.394110991062500980e+06	0.000000000000000000e+00
5.200000000000000178e-01	2.992109861716874875e+06	-3.382385061071250122e+06	-2.680064689958906174e+08	2.619633843028125167e+08	0.000000000000000000e+00	0.000000000000000000e+00	6.988494057125000283e+06	0.000000000000000000e+00
5.400000000000000355e-01	2.211559463008125313e+06	-1.821284263653749833e+06	-2.679690431518750191e+08	2.591192104160962701e+08	0.000000000000000000e+00	0.000000000000000000e+00	9.077081459281247109e+06	0.000000000000000000e+00
5.600000000000000533e-01	1.821284263653750066e+06	-1.300917331181250047e+06	-2.665468610792812407e+08	2.613646108529775143e+08	0.000000000000000000e+00	0.000000000000000000e+00	4.556690386437501758e+06	0.000000000000000000e+00
5.799999999999999600e-01	1.561100797417500056e+06	-7.805503987087500282e+05	-2.675199330236875415e+08	2.592689037785550654e+08	0.000000000000000000e+00	0.000000000000000000e+00	2.553969636437498964e+06	0.000000000000000000e+00
5.999999999999999778e-01	1.691192530535625061e+06	-1.040733864945000038e+06	-2.684555791240781546e+08	2.648075581895287335e+08	0.000000000000000000e+00	0.000000000000000000e+00	1.981942522218752420e+06	0.000000000000000000e+00
6.199999999999999956e-01	1.431009064299375052e+06	-2.601834662362500094e+05	-2.703642971688749790e+08	2.586701303287200332e+08	0.000000000000000000e+00	0.000000000000000000e+00	2.017490815531250089e+06	0.000000000000000000e+00
6.400000000000000133e-01	1.300917331181250047e+06	-2.601834662362500094e+05	-2.738074748183124661e+08	2.604664506782250404e+08	0.000000000000000000e+00	0.000000000000000000e+00	4.677103971531250514e+06	0.000000000000000000e+00
6.600000000000000311e-01	1.300917331181250047e+05	-5.203669324725000188e+05	-2.743314366345311999e+08	2.672026519888687432e+08	0.000000000000000000e+00	0.000000000000000000e+00	2.819079795718749985e+06	0.000000000000000000e+00
6.800000000000000488e-01	2.601834662362500094e+05	-1.040733864945000038e+06	-2.794587772646718621e+08	2.731903864872187376e+08	0.000000000000000000e+00	0.000000000000000000e+00	1.882557505000001751e+06	0.000000000000000000e+00
7.000000000000000666e-01	5.203669324725000188e+05	-7.805503987087500282e+05	-2.787102603843593597e+08	2.854652422088363171e+08	0.000000000000000000e+00	0.000000000000000000e+00	2.634078466437499039e+06	0.000000000000000000e+00
7.199999999999999734e-01	9.106421318268750329e+05	-5.203669324725000188e+05	-2.774752075318437219e+08	2.875609492832587957e+08	0.000000000000000000e+00	0.000000000000000000e+00	7.607835449062500848e+05	0.000000000000000000e+00
7.399999999999999911e-01	2.601834662362500094e+05	-7.805503987087500282e+05	-2.845486920507968664e+08	2.737891599370537996e+08	0.000000000000000000e+00	0.000000000000000000e+00	3.523536819531249814e+06	0.000000000000000000e+00
7.600000000000000089e-01	5.203669324725000188e+05	-2.601834662362500094e+05	-2.869065202237812281e+08	2.875609492832587957e+08	0.000000000000000000e+00	0.000000000000000000e+00	1.172342659031251445e+06	0.000000000000000000e+00
7.800000000000000266e-01	6.504586655906250235e+05	-5.203669324725000188e+05	-2.890772191766874790e+08	2.890578829078462720e+08	0.000000000000000000e+00	0.000000000000000000e+00	-1.354339907187502540e+05	0.000000000000000000e+00
8.000000000000000444e-01	5.203669324725000188e+05	-7.805503987087500282e+05	-2.853346347751249671e+08	3.113621939142000079e+08	0.000000000000000000e+00	0.000000000000000000e+00	2.192979221249999828e+05	0.000000000000000000e+00
8.200000000000000622e-01	6.504586655906250235e+05	-2.601834662362500094e+05	-2.937928755226562619e+08	3.010333519045462608e+08	0.000000000000000000e+00	0.000000000000000000e+00	2.250307102718749549e+06	0.000000000000000000e+00
8.399999999999999689e-01	2.601834662362500094e+05	-2.601834662362500094e+05	-2.870187977558280826e+08	2.972910178430775404e+08	0.000000000000000000e+00	0.000000000000000000e+00	7.475155199374991935e+05	0.000000000000000000e+00
8.599999999999999867e-01	1.300917331181250047e+05	-7.805503987087500282e+05	-2.958512969435156584e+08	3.055241527783087492e+08	0.000000000000000000e+00	0.000000000000000000e+00	1.071205261156250257e+06	0.000000000000000000e+00
8.800000000000000044e-01	3.902751993543750141e+05	-2.601834662362500094e+05	-2.880667213882656097e+08	2.893572696327638030e+08	0.000000000000000000e+00	0.000000000000000000e+00	-4.385958442500003148e+05	0.000000000000000000e+00
9.000000000000000222e-01	2.601834662362500094e+05	-2.601834662362500094e+05	-2.908362338454219103e+08	2.935486837816087604e+08	0.000000000000000000e+00	0.000000000000000000e+00	5.585087491562500363e+05	0.000000000000000000e+00
9.200000000000000400e-01	3.902751993543750141e+05	-2.601834662362500094e+05	-2.917718799458124638e+08	2.978897912929125428e+08	0.000000000000000000e+00	0.000000000000000000e+00	1.699809236562500941e+06	0.000000000000000000e+00
9.400000000000000577e-01	1.300917331181250047e+05	-2.601834662362500094e+05	-2.927449518902187347e+08	2.951953107686550021e+08	0.000000000000000000e+00	0.000000000000000000e+00	6.033196259374979127e+04	0.000000000000000000e+00
9.599999999999999645e-01	1.300917331181250047e+05	-5.203669324725000188e+05	-2.939800047427343130e+08	3.034284457038862109e+08	0.000000000000000000e+00	0.000000000000000000e+00	4.548679503437499516e+05	0.000000000000000000e+00
9.799999999999999822e-01	3.902751993543750141e+05	0.000000000000000000e+00	-2.938677272106875181e+08	2.896566563576812744e+08	0.000000000000000000e+00	0.000000000000000000e+00	9.685658227187502198e+05	0.000000000000000000e+00
1.000000000000000000e+00	0.000000000000000000e+00	0.000000000000000000e+00	-2.865322617836250067e+08	2.950456174061962366e+08	0.000000000000000000e+00	0.000000000000000000e+00	1.266220194187500048e+06	0.000000000000000000e+00
1.020000000000000018e+00	3.902751993543750141e+05	-2.601834662362500094e+05	-2.894889034608593583e+08	2.928002169693149924e+08	0.000000000000000000e+00	0.000000000000000000e+00	2.095346584687499853e+05	0.000000000000000000e+00
1.040000000000000036e+00	2.601834662362500094e+05	0.000000000000000000e+00	-2.862328550314999819e+08	2.889081895453875065e+08	0.000000000000000000e+00	0.000000000000000000e+00	1.226666459374975238e+04	0.000000000000000000e+00
1.060000000000000053e+00	0.000000000000000000e+00	0.000000000000000000e+00	-2.857837449033125043e+08	2.803756678852387667e+08	0.000000000000000000e+00	0.000000000000000000e+00	9.212515449999987322e+04	0.000000000000000000e+00
1.080000000000000071e+00	0.000000000000000000e+00	-2.601834662362500094e+05	-2.898631619010156393e+08	2.740885466619712710e+08	0.000000000000000000e+00	0.000000000000000000e+00	1.190367145781249739e+06	0.000000000000000000e+00
1.100000000000000089e+00	2.601834662362500094e+05	-5.203669324725000188e+05	-2.950653542191874981e+08	2.787290408981925249e+08	0.000000000000000000e+00	0.000000000000000000e+00	-3.074176351250000880e+05	0.000000000000000000e+00
1.120000000000000107e+00	1.300917331181250047e+05	0.000000000000000000e+00	-2.840247302345781326e+08	2.857646289337537885e+08	0.000000000000000000e+00	0.000000000000000000e+00	-5.397332421249999898e+05	0.000000000000000000e+00
1.140000000000000124e+00	1.300917331181250047e+05	0.000000000000000000e+00	-2.883287022963750362e+08	2.758848670114763379e+08	0.000000000000000000e+00	0.000000000000000000e+00	2.853877068749996761e+04	0.000000000000000000e+00
1.159999999999999920e+00	2.601834662362500094e+05	-2.601834662362500094e+05	-2.880292955442500114e+08	2.776811873609813452e+08	0.000000000000000000e+00	0.000000000000000000e+00	7.655400066874999320e+05	0.000000000000000000e+00
1.179999999999999938e+00	1.300917331181250047e+05	0.000000000000000000e+00	-2.850726538670156598e+08	2.908542032573512793e+08	0.000000000000000000e+00	0.000000000000000000e+00	-3.880271453124998952e+05	0.000000000000000000e+00
1.199999999999999956e+00	0.000000000000000000e+00	0.000000000000000000e+00	-2.878421663241719007e+08	2.933989904191499949e+08	0.000000000000000000e+00	0.000000000000000000e+00	3.522285119062500307e+05	0.000000000000000000e+00
1.219999999999999973e+00	0.000000000000000000e+00	0.000000000000000000e+00	-2.869065202237812281e+08	2.847167753965425491e+08	0.000000000000000000e+00	0.000000000000000000e+00	-8.236189084375006496e+04	0.000000000000000000e+00
1.239999999999999991e+00	0.000000000000000000e+00	0.000000000000000000e+00	-2.870187977558281422e+08	2.957940842184900045e+08	0.000000000000000000e+00	0.000000000000000000e+00	2.861387271562499809e+05	0.000000000000000000e+00
1.260000000000000009e+00	1.300917331181250047e+05	0.000000000000000000e+00	-2.881041472322812080e+08	2.832198417719550133e+08	0.000000000000000000e+00	0.000000000000000000e+00	2.918965493125000503e+05	0.000000000000000000e+00
1.280000000000000027e+00	0.000000000000000000e+00	-2.601834662362500094e+05	-2.934560429265156388e+08	2.857646289337537885e+08	0.000000000000000000e+00	0.000000000000000000e+00	1.426938534375000163e+05	0.000000000000000000e+00
1.300000000000000044e+00	1.300917331181250047e+05	0.000000000000000000e+00	-2.933437653944687247e+08	2.892075762703049779e+08	0.000000000000000000e+00	0.000000000000000000e+00	2.348190079375000205e+05	0.000000000000000000e+00
1.320000000000000062e+00	1.300917331181250047e+05	-2.601834662362500094e+05	-2.962255553836718202e+08	2.975904045679950118e+08	0.000000000000000000e+00	0.000000000000000000e+00	-2.853877068750001126e+04	0.000000000000000000e+00
1.340000000000000080e+00	1.300917331181250047e+05	0.000000000000000000e+00	-2.960010003195781708e+08	2.995364182799587846e+08	0.000000000000000000e+00	0.000000000000000000e+00	-3.504761312500000349e+04	0.000000000000000000e+00
1.360000000000000098e+00	2.601834662362500094e+05	-5.203669324725000188e+05	-2.988079386207499504e+08	2.998358050048762560e+08	0.000000000000000000e+00	0.000000000000000000e+00	1.174095039687499957e+05	0.000000000000000000e+00
1.380000000000000115e+00	2.601834662362500094e+05	-2.601834662362500094e+05	-2.957390194114686847e+08	3.059732328656849861e+08	0.000000000000000000e+00	0.000000000000000000e+00	3.179319190624999828e+04	0.000000000000000000e+00
1.400000000000000133e+00	0.000000000000000000e+00	0.000000000000000000e+00	-2.893766259288125038e+08	2.972910178430775404e+08	0.000000000000000000e+00	0.000000000000000000e+00	-1.455191522836685181e-11	0.000000000000000000e+00
1.419999999999999929e+00	2.601834662362500094e+05	-2.601834662362500094e+05	-2.910233630654999614e+08	2.923511368819387555e+08	0.000000000000000000e+00	0.000000000000000000e+00	-5.382312015625000640e+04	0.000000000000000000e+00
1.439999999999999947e+00	0.000000000000000000e+00	0.000000000000000000e+00	-2.952150575952500105e+08	2.981891780178300142e+08	0.000000000000000000e+00	0.000000000000000000e+00	-8.887073328124999534e+04	0.000000000000000000e+00
1.459999999999999964e+00	2.601834662362500094e+05	0.000000000000000000e+00	-2.954770385033594370e+08	2.981891780178300142e+08	0.000000000000000000e+00	0.000000000000000000e+00	-2.853877068750000035e+04	0.000000000000000000e+00
1.479999999999999982e+00	1.300917331181250047e+05	0.000000000000000000e+00	-2.948033733110781312e+08	2.951953107686550021e+08	0.000000000000000000e+00	0.000000000000000000e+00	8.887073328124999534e+04	0.000000000000000000e+00
1.500000000000000000e+00	1.300917331181250047e+05	-2.601834662362500094e+05	-2.920712866979374886e+08	3.137572877135400176e+08	0.000000000000000000e+00	0.000000000000000000e+00	1.426938534375000163e+05	0.000000000000000000e+00
1.520000000000000018e+00	0.000000000000000000e+00	0.000000000000000000e+00	-2.890023674886562824e+08	2.928002169693149924e+08	0.000000000000000000e+00	0.000000000000000000e+00	2.853877068750000035e+04	0.000000000000000000e+00
1.540000000000000036e+00	0.000000000000000000e+00	0.000000000000000000e+00	-2.918093057898281217e+08	2.856149355712949634e+08	0.000000000000000000e+00	0.000000000000000000e+00	6.033196259374999499e+04	0.000000000000000000e+00
1.560000000000000053e+00	1.300917331181250047e+05	0.000000000000000000e+00	-2.914350473496719003e+08	2.823216815972025394e+08	0.000000000000000000e+00	0.000000000000000000e+00	0.000000000000000000e+00	0.000000000000000000e+00
1.580000000000000071e+00	0.000000000000000000e+00	-2.601834662362500094e+05	-2.865696876276406050e+08	2.893572696327638030e+08	0.000000000000000000e+00	0.000000000000000000e+00	0.000000000000000000e+00	0.000000000000000000e+00
1.600000000000000089e+00	1.300917331181250047e+05	-2.601834662362500094e+05	-2.918093057898281217e+08	2.666038785390337408e+08	0.000000000000000000e+00	0.000000000000000000e+00	0.000000000000000000e+00	0.000000000000000000e+00
1.620000000000000107e+00	2.601834662362500094e+05	0.000000000000000000e+00	-2.896386068369218707e+08	2.854652422088363171e+08	0.000000000000000000e+00	0.000000000000000000e+00	0.000000000000000000e+00	0.000000000000000000e+00
1.640000000000000124e+00	1.300917331181250047e+05	0.000000000000000000e+00	-2.876550371040937304e+08	2.871118691958824992e+08	0.000000000000000000e+00	0.000000000000000000e+00	0.000000000000000000e+00	0.000000000000000000e+00
1.660000000000000142e+00	0.000000000000000000e+00	0.000000000000000000e+00	-2.919215833218749762e+08	2.926505236068562865e+08	0.000000000000000000e+00	0.000000000000000000e+00	0.000000000000000000e+00	0.000000000000000000e+00
1.679999999999999938e+00	1.300917331181250047e+05	-2.601834662362500094e+05	-2.953273351272969246e+08	2.907045098948925138e+08	0.000000000000000000e+00	0.000000000000000000e+00	0.000000000000000000e+00	0.000000000000000000e+00
1.699999999999999956e+00	0.000000000000000000e+00	-2.601834662362500094e+05	-2.867942426917343736e+08	2.794775077104862928e+08	0.000000000000000000e+00	0.000000000000000000e+00	0.000000000000000000e+00	0.000000000000000000e+00
1.719999999999999973e+00	2.601834662362500094e+05	0.000000000000000000e+00	-2.951027800632030964e+08	2.872615625583413243e+08	0.000000000000000000e+00	0.000000000000000000e+00	0.000000000000000000e+00	0.000000000000000000e+00
1.739999999999999991e+00	0.000000000000000000e+00	-2.601834662362500094e+05	-2.898257360569999814e+08	2.942971505939025283e+08	0.000000000000000000e+00	0.000000000000000000e+00	0.000000000000000000e+00	0.000000000000000000e+00
1.760000000000000009e+00	1.300917331181250047e+05	0.000000000000000000e+00	-2.861205774994531274e+08	2.904051231699750423e+08	0.000000000000000000e+00	0.000000000000000000e+00	0.000000000000000000e+00	0.000000000000000000e+00
1.780000000000000027e+00	3.902751993543750141e+05	-2.601834662362500094e+05	-2.937554496786406040e+08	2.922014435194800496e+08	0.000000000000000000e+00	0.000000000000000000e+00	0.000000000000000000e+00	0.000000000000000000e+00
1.800000000000000044e+00	1.300917331181250047e+05	0.000000000000000000e+00	-2.888900899566093683e+08	2.932492970566912293e+08	0.000000000000000000e+00	0.000000000000000000e+00	0.000000000000000000e+00	0.000000000000000000e+00
1.820000000000000062e+00	1.300917331181250047e+05	-2.601834662362500094e+05	-2.962629812276874781e+08	2.965425510307837725e+08	0.000000000000000000e+00	0.000000000000000000e+00	0.000000000000000000e+00	0.000000000000000000e+00
1.840000000000000080e+00	1.300917331181250047e+05	-2.601834662362500094e+05	-2.965998138238281012e+08	2.992370315550412536e+08	0.000000000000000000e+00	0.000000000000000000e+00	0.000000000000000000e+00	0.000000000000000000e+00
1.860000000000000098e+00	0.000000000000000000e+00	0.000000000000000000e+00	-2.918467316338437200e+08	2.898063497201400399e+08	0.000000000000000000e+00	0.000000000000000000e+00	0.000000000000000000e+00	0.000000000000000000e+00
1.880000000000000115e+00	0.000000000000000000e+00	-2.601834662362500094e+05	-2.934186170824999809e+08	2.965425510307837725e+08	0.000000000000000000e+00	0.000000000000000000e+00	0.000000000000000000e+00	0.000000000000000000e+00
1.900000000000000133e+00	0.000000000000000000e+00	0.000000000000000000e+00	-2.948033733110780716e+08	2.966922443932425380e+08	0.000000000000000000e+00	0.000000000000000000e+00	0.000000000000000000e+00	0.000000000000000000e+00
1.919999999999999929e+00	3.902751993543750141e+05	0.000000000000000000e+00	-2.971612014840624332e+08	2.974407112055362463e+08	0.000000000000000000e+00	0.000000000000000000e+00	0.000000000000000000e+00	0.000000000000000000e+00
1.939999999999999947e+00	2.601834662362500094e+05	0.000000000000000000e+00	-2.924081192940781116e+08	2.948959240437375307e+08	0.000000000000000000e+00	0.000000000000000000e+00	0.000000000000000000e+00	0.000000000000000000e+00
1.959999999999999964e+00	0.000000000000000000e+00	0.000000000000000000e+00	-2.933063395504531264e+08	3.005842718171700239e+08	0.000000000000000000e+00	0.000000000000000000e+00	0.000000000000000000e+00	0.000000000000000000e+00
1.979999999999999982e+00	0.000000000000000000e+00	-2.601834662362500094e+05	-2.841744336106405854e+08	2.977400979304537773e+08	0.000000000000000000e+00	0.000000000000000000e+00	0.000000000000000000e+00	0.000000000000000000e+00
2.000000000000000000e+00	0.000000000000000000e+00	0.000000000000000000e+00	-2.985459577126406431e+08	3.046259926035562754e+08	0.000000000000000000e+00	0.000000000000000000e+00	0.000000000000000000e+00	0.000000000000000000e+00
