# nm	x_force	y_force	z_force	magnitude_x-y_force
-2.000000000000000000e+00	1.833595858941879098e-01	1.985708271288729954e+00	-2.470553622325854626e+00	2.953291424195703030e+02
-1.979999999999999982e+00	-1.788049815008034393e+00	9.377628020704644740e-01	-2.150470494687980183e-01	2.952979479001061804e+02
-1.959999999999999964e+00	-6.113633739255935895e-01	-1.397617391119238828e-01	2.285665820626913813e+00	2.971706403089066839e+02
-1.939999999999999947e+00	-6.848564705808171116e-01	9.575170349912877077e-01	8.256478743872488479e-01	2.973153326217029075e+02
-1.919999999999999929e+00	-4.937726151406238717e-01	1.054867767174692439e+00	1.801802609314024251e+00	2.959775054023568259e+02
-1.900000000000000133e+00	-1.197327149004807190e+00	-1.813375928469967535e+00	-3.619555009663477652e+00	2.983354687404419678e+02
-1.880000000000000115e+00	3.151300469297574902e-01	-3.679800450937313894e+00	-4.861970641611549349e-01	2.958830356034446822e+02
-1.860000000000000098e+00	5.801689325983543810e+00	8.956463603033494314e-01	2.207388258913970613e+00	2.957817158190983378e+02
-1.840000000000000080e+00	1.722127887539331548e+00	9.747247190421259866e-01	-4.838445476630436060e-02	2.956930607173424050e+02
-1.820000000000000062e+00	1.086553169676321984e+00	4.435114378369905408e-01	-2.065265562502922592e+00	2.968362180812857787e+02
-1.800000000000000044e+00	1.288116889421657474e+00	1.010989424509117773e+00	4.889084619301596213e+00	2.966203349366775228e+02
-1.780000000000000027e+00	-4.158941020031579061e-01	1.136740030370734900e+00	3.182324085520882750e+00	2.964543099548200757e+02
-1.760000000000000009e+00	3.196496592994564345e+00	3.197152505771327369e-01	-1.275271814120586988e+00	2.961202962313028593e+02
-1.739999999999999991e+00	-2.587882922664916929e+00	-4.178159979575503669e-01	-1.445203831263300209e+00	2.936603528651938859e+02
-1.719999999999999973e+00	-1.327180063549426414e+00	3.002485009498880864e-01	-1.702449403625768687e+00	2.962421405988266088e+02
-1.699999999999999956e+00	1.359488935722153347e+00	-1.735463619408406100e-01	-6.457147613250673324e-01	2.995349487963605384e+02
-1.679999999999999938e+00	-4.402058540594916414e-01	-3.904077409085559669e+00	1.392150840031328718e+00	2.950772071086522033e+02
-1.660000000000000142e+00	-3.195162230884407872e+00	-3.475323425659278431e+00	-4.869600327095930936e+00	2.958607199728025421e+02
-1.640000000000000124e+00	-4.118547334387415049e+00	-1.813693406547053355e+00	4.872716879463007800e+00	2.970552777030765128e+02
-1.620000000000000107e+00	2.459123959995578534e+00	3.844061982743038008e+00	-1.677287661810964670e+00	2.960196650070652140e+02
-1.600000000000000089e+00	2.407416494556942066e+00	4.036105308329143715e-01	-3.639219142148138353e+00	2.957986437001311515e+02
-1.580000000000000071e+00	-3.051878368288600374e+00	-2.849851966631784528e+00	-2.134735114770025255e-01	2.983457238462364103e+02
-1.560000000000000053e+00	-6.612854699346012666e+00	2.262182059413552437e+00	3.194339191646946130e+00	3.000263760640525561e+02
-1.540000000000000036e+00	1.687229895790282930e+00	-2.101413552455043132e-01	1.354328720897718830e+00	2.969023239361964670e+02
-1.520000000000000018e+00	3.051644272807994884e+00	2.812077512836974602e+00	1.311799614456928831e+00	2.963990654938938860e+02
-1.500000000000000000e+00	2.110535393606847165e-01	-1.852481929117202997e+00	2.332149736993953393e-01	2.959482228646953672e+02
-1.479999999999999982e+00	-9.303194755822105089e-01	3.349076014271382129e-01	2.698967812846943648e+00	2.975691433292322472e+02
-1.459999999999999964e+00	1.201041752549200314e+00	-1.663819891430444509e+00	5.968853329468512214e+00	2.956272188643875438e+02
-1.439999999999999947e+00	2.314087621135485495e+00	1.125025636358256920e+00	-1.470277415833920687e+00	2.976528865314162431e+02
-1.419999999999999929e+00	-1.755256736041767462e+00	3.004557228467497065e+00	2.440873732604395829e-01	2.990593956364254495e+02
-1.400000000000000133e+00	-1.351752178559656681e+00	3.865568142900037141e-01	-3.089388115629881915e-01	2.937529234148672685e+02
-1.380000000000000115e+00	5.026981103973328091e-01	-4.216442706824348741e-01	1.559874781969398383e-01	2.967380093180763083e+02
-1.360000000000000098e+00	2.940383276924591005e+00	-1.619411935096468635e+00	-3.691232777130172060e+00	2.971069509215185462e+02
-1.340000000000000080e+00	-1.833193802632639757e+00	-1.191605622256687536e+00	-3.843808462665974091e+00	2.969006932586941616e+02
-1.320000000000000062e+00	2.757488753137017579e+00	2.489558788516684107e+00	-6.329782039558967677e-02	2.995934134954445085e+02
-1.300000000000000044e+00	2.063006274403865969e+00	-2.941196718018883605e+00	2.301575494865065075e+00	2.984131244791375366e+02
-1.280000000000000027e+00	-7.049561121035411437e-01	-2.973054469799729205e+00	-2.387069851256943043e+00	2.977643474981722420e+02
-1.260000000000000009e+00	-3.360999800035484153e+00	-3.695346183463378287e-01	2.858700125005084303e+00	2.982800219983225816e+02
-1.239999999999999991e+00	2.878377750808481572e+00	-9.736379484700676823e-01	-1.769585267704414377e+00	2.961520503273769123e+02
-1.219999999999999973e+00	-4.185922405057548978e+00	3.354555883005599703e+00	-1.190201138350293064e-01	2.992364132283131539e+02
-1.199999999999999956e+00	2.749701865409644785e+00	4.252609392706624192e+00	2.158797996253898621e-01	2.968650270841343399e+02
-1.179999999999999938e+00	1.706113705793745883e+00	-1.794169527525929730e+00	-9.423758006769729079e-01	2.954114520014642267e+02
-1.159999999999999920e+00	5.314543555096008509e-01	-2.694794774329440923e+00	1.510494643755977973e-01	2.978639758355805043e+02
-1.140000000000000124e+00	-3.779092878117074505e+00	4.136284020084755930e+00	-5.895708132909900367e-01	2.981922264013834933e+02
-1.120000000000000107e+00	-2.672151391598994952e+00	1.851378788081756849e-02	4.030552881136282850e-01	2.940634864543088725e+02
-1.100000000000000089e+00	1.636742235973729143e+00	2.197320645793086502e+00	-5.776756337280705145e-01	2.950411542531515465e+02
-1.080000000000000071e+00	1.236711767501865511e+00	-5.913613610508677843e-01	-1.766354219918848667e+00	3.019370670761779252e+02
-1.060000000000000053e+00	-1.612172261520694372e+00	-3.537012949188749755e-01	6.155721118327834862e-01	2.989917936830278222e+02
-1.040000000000000036e+00	-1.727724307294594253e+00	7.542857994562048862e-01	-1.933968884078790307e+00	2.997475604023179017e+02
-1.020000000000000018e+00	3.582196661570415053e+00	-1.478844188649274249e+00	-1.292367739009410821e+00	2.978888991989501278e+02
-1.000000000000000000e+00	4.279104322109815506e+00	2.259645280281047164e+00	1.179277535107616931e-01	2.978857582830456181e+02
-9.799999999999999822e-01	7.694920861757159614e+00	-4.562638106953547656e-01	4.702562899380142269e+00	2.954332224833258351e+02
-9.599999999999999645e-01	-1.002248327236927805e+00	9.818159289166610015e-02	2.360295026574576571e+00	2.968188494766707208e+02
-9.400000000000000577e-01	2.207576540400328469e+00	8.189692192583254426e-01	1.818908813078514042e+00	2.937995502928114888e+02
-9.200000000000000400e-01	-1.016871505925651009e+00	8.359099807336049792e-02	-7.719900171798818045e-01	2.961832816672044828e+02
-9.000000000000000222e-01	-2.878030380704497126e+00	-3.594857841572122403e+00	-4.226140238121049997e+00	2.977936724363408416e+02
-8.800000000000000044e-01	-1.203754317046590305e+00	-3.117920552022524286e-02	-1.967367020620273577e+00	2.951366352627279070e+02
-8.599999999999999867e-01	-1.205621411803234899e+00	3.885069097991721954e+00	4.074041670447984487e+00	2.960677987216382689e+02
-8.399999999999999689e-01	-2.366580072314233618e+00	-5.322671412784490963e-01	-8.088313463025873506e-01	2.981915336985140357e+02
-8.200000000000000622e-01	-1.741174283751792284e+00	-6.680511482915898469e-01	-1.155600235505695572e+00	2.983925832536029361e+02
-8.000000000000000444e-01	-1.098754823170608352e+00	-6.586195509455761155e-01	4.551630192614147141e+00	2.974988299533391114e+02
-7.800000000000000266e-01	2.492839418497911019e+00	2.169964861695420133e+00	-1.423738276331877994e+00	2.991438871556688923e+02
-7.600000000000000089e-01	7.064811631926704028e-02	1.833218498470998048e+00	-8.160865477200510698e-01	2.987555451807508007e+02
-7.399999999999999911e-01	2.257365333028384657e-01	2.180270858195867967e-01	7.542117107709187529e-01	2.994723977080657278e+02
-7.199999999999999734e-01	2.601806887470598184e+00	-2.881903861089331720e+00	-5.433134937779237283e+00	2.967877350277100277e+02
-7.000000000000000666e-01	5.129473909558497802e+00	8.276213217864982763e-01	2.654531963977158071e+00	2.963534555952695655e+02
-6.800000000000000488e-01	-3.179425957005302283e+00	-3.941573357698048508e+00	2.777095539908194688e+00	2.988694809399938777e+02
-6.600000000000000311e-01	5.128164383038853469e-01	-8.974844065280436489e-02	-2.978172414018708469e+00	2.973268360687276868e+02
-6.400000000000000133e-01	-1.074385316245234812e+00	-3.568061326388202392e+00	-3.125648684220926121e+00	2.966901224350828556e+02
-6.199999999999999956e-01	1.848787528793855772e+00	-2.927072989943451553e+00	-1.809287810983932321e+00	2.981158829307096312e+02
-5.999999999999999778e-01	-3.014548039669733726e+00	-1.303220321246003843e+00	1.171990685246051322e+00	2.987759290724538914e+02
-5.799999999999999600e-01	-1.724136239941353343e+00	2.864923822958366451e+00	-6.879275718790717198e-01	2.986996846445621259e+02
-5.600000000000000533e-01	-2.632428768306369182e+00	-1.448639077306494327e+00	-2.727269831511935028e+00	3.008326311427838391e+02
-5.400000000000000355e-01	2.516285225203091613e+00	1.946375598566310261e+00	-8.325855522793328134e-02	2.976876139855871202e+02
-5.200000000000000178e-01	1.286097909397303951e+00	5.029999597360369279e+00	6.404224098313812119e-01	2.975044275075588303e+02
-5.000000000000000000e-01	-7.541784212137313759e+00	-7.831613105519871221e-01	-7.809964222150552748e-01	2.962405275842190804e+02
-4.799999999999999822e-01	-2.030377323557755798e+00	1.903416084208217951e+00	-1.595175903697138020e+00	2.997901158233493106e+02
-4.600000000000000200e-01	-1.212568888831068392e+00	1.585243988308752572e+00	3.186379226110255258e-01	2.982873257715713180e+02
-4.400000000000000022e-01	-2.000407904501279588e-01	-1.433544138439020399e+00	-1.364944383098804837e+00	3.005247938852039056e+02
-4.199999999999999845e-01	-1.807529689526506944e+00	2.177569715127249950e+00	1.512232148770690232e+00	2.993697702324462853e+02
-4.000000000000000222e-01	1.175494167354962816e+00	-4.201876871083983112e+00	-3.283766056534625832e+00	2.985418652921469516e+02
-3.800000000000000044e-01	6.727039667991278726e+00	2.873928564254344398e+00	1.802790198689615320e+00	2.993271644062849077e+02
-3.599999999999999867e-01	2.981402047107844844e+00	1.573424188388298228e+00	1.814264441727418076e+00	3.019535877379949511e+02
-3.400000000000000244e-01	3.159661486793181595e+00	-7.869024213877774399e-01	2.944350665545216184e-01	2.972597572531814194e+02
-3.200000000000000067e-01	-3.665894465182881756e+00	-1.641178677137320241e+00	-3.999661101580967770e+00	2.962540103297833980e+02
-2.999999999999999889e-01	2.707276809362922698e+00	-4.091249393705010284e+00	-4.424241461296487543e+00	2.967036589187453046e+02
-2.800000000000000266e-01	-1.796286361070071225e+00	-5.147316241951139792e-01	-2.590173396968008745e+00	2.955079908358150078e+02
-2.600000000000000089e-01	1.966444967035653191e+00	4.355060226595608874e+00	1.295086098905614769e+00	2.973310236251616061e+02
-2.399999999999999911e-01	1.941042339895248992e+00	-3.552705903345849237e+00	-1.957438701169885720e+00	2.936937014786727786e+02
-2.200000000000000011e-01	-1.818459262672898757e-01	-2.979030703974918648e+00	-2.434023848069950979e+00	2.944289810422701521e+02
-2.000000000000000111e-01	2.553637332955310812e-02	1.798493774624275510e+00	-6.231564445817395104e+00	2.918013400983597876e+02
-1.799999999999999933e-01	-4.078252232839385982e+00	-1.983402618577636112e+00	-2.948981976951706052e+00	2.917491505822176805e+02
-1.600000000000000033e-01	-4.168672875415060375e-01	5.417937240440139135e+00	-4.836365741347695035e+00	2.898073691716480198e+02
-1.400000000000000133e-01	-2.060652467846451952e+00	-2.153163739225008866e-01	-2.075013934283854500e+00	2.814342609017671180e+02
-1.199999999999999956e-01	-6.374386976672418159e-01	2.296652481985988814e+00	-6.641062572649456541e+00	2.849327594085912096e+02
-1.000000000000000056e-01	2.677868346559544754e+00	-1.858329942818308878e+00	-8.432726944173968064e+00	2.820862667836859714e+02
-8.000000000000000167e-02	-3.909803164779619866e+00	1.320344371081369816e+00	-1.036865604033751787e+01	2.797795400676000668e+02
-5.999999999999999778e-02	7.630504227075771695e-01	-2.264326918765294128e+00	-7.397834781046892516e+00	2.795544979032015931e+02
-4.000000000000000083e-02	4.649646058082486988e+00	-4.403210938392605911e+00	-1.185464244002945122e+01	2.778790415044877591e+02
-2.000000000000000042e-02	-1.478105500025281405e+00	7.585553656057046901e-01	-1.605866699490776739e+01	2.720302809341470152e+02
0.000000000000000000e+00	1.209532866384756683e-01	3.278673118983104207e-01	-9.615495549110281814e+00	2.706847851050524127e+02
2.000000000000000042e-02	2.874846647143238343e+00	-1.170987048162907551e-01	-1.303835667796506215e+01	2.694547283197265415e+02
4.000000000000000083e-02	-1.396993973632200348e+00	-3.833115104149078523e+00	-1.672410098361628528e+01	2.704051006280648153e+02
5.999999999999999778e-02	-1.357627066585736175e+00	3.294112947299647320e+00	-8.612747010066383879e+00	2.630010651853585273e+02
8.000000000000000167e-02	2.994839426191952647e+00	3.848715875698887068e+00	-1.447623555388825523e+01	2.612385073138020175e+02
1.000000000000000056e-01	-1.294397537403678966e-01	7.379571823014129173e+00	-2.052395709417605474e+01	2.575386395860283528e+02
1.199999999999999956e-01	-4.702403477265721388e-01	2.149913237830807233e+00	-2.730461906923207493e+01	2.489491086149519958e+02
1.400000000000000133e-01	3.446464991033112657e+00	-1.090521284675972202e+00	-2.503060239064087611e+01	2.474193398006358962e+02
1.600000000000000033e-01	1.924269530003724027e+00	-3.101696724287106299e+00	-2.802143951192317672e+01	2.495525594235328981e+02
1.799999999999999933e-01	-6.953153679465186698e+00	-9.118379582601509270e+00	-1.497935829744269043e+01	2.575692472846994292e+02
2.000000000000000111e-01	1.733503493700916165e+00	4.379189043731186004e+00	-3.656261666317343639e+01	2.448463156661624680e+02
2.200000000000000011e-01	-9.356003903606522343e+00	7.590092033983683706e+00	-2.413185740759082165e+01	2.419735486011019248e+02
2.399999999999999911e-01	-3.624251184457938924e-01	-4.656498521028940019e+00	-1.769197561543195718e+01	2.504582130623108185e+02
2.600000000000000089e-01	-1.057889172368112440e+01	7.600628990428042187e+00	-2.574210698784014539e+01	2.319286210603271172e+02
2.800000000000000266e-01	6.595063212940019959e-01	6.872940555077628133e+00	-2.960757144256983864e+01	2.356240869103215800e+02
2.999999999999999889e-01	7.901164343488773056e+00	1.169900460936771225e+01	-4.113315545574700849e+01	2.231103584196333713e+02
3.200000000000000067e-01	-5.644685932211050527e+00	7.903095652264947368e+00	-3.792871957249974457e+01	2.244048656204604413e+02
3.400000000000000244e-01	-1.468223098781406044e+01	8.969570555471969797e+00	-4.362352148320132983e+01	2.172064039031087361e+02
3.599999999999999867e-01	8.768331247181478716e+00	-1.773558347412484437e+01	-3.314171680373513595e+01	2.018717174213498708e+02
3.800000000000000044e-01	1.627939684736849557e+01	8.674776211953126648e+00	-2.860716753582806859e+01	2.209098015208302002e+02
4.000000000000000222e-01	-6.099378783230741341e+00	7.891021596540052307e+00	-2.133992364637625272e+01	2.030856692535095931e+02
4.199999999999999845e-01	-3.858605105948265557e+00	-1.108044803292349911e+01	-3.084290366711639564e+01	2.482544692462170417e+02
4.400000000000000022e-01	-2.289318701120403787e+01	2.191898891482398781e+01	-3.395722630026284605e+01	1.811598533094485219e+02
4.600000000000000200e-01	-5.351738922790224962e+01	-6.949975776511598724e+01	-3.170908533615459390e+01	2.074717968271247059e+02
4.799999999999999822e-01	-5.968042320792416033e-01	-2.889866008533557107e+01	-4.543269981544367120e+00	1.775330071865683408e+02
5.000000000000000000e-01	-2.736011631553992629e+00	7.365652659294110727e+00	-7.122553308960050344e+01	1.649157781302569390e+02
5.200000000000000178e-01	3.946132066512169700e+01	-8.508079061404957599e+01	-1.516016761347418651e+02	2.182641134060523882e+02
5.400000000000000355e-01	6.970783039880916476e+01	-6.381090900736550253e+01	6.460338446536722756e+01	1.410907260094815285e+02
5.600000000000000533e-01	6.202854675732669421e+01	1.497156210888933856e+02	-7.009905044481274672e+01	2.250682297716721507e+02
5.799999999999999600e-01	0.000000000000000000e+00	0.000000000000000000e+00	0.000000000000000000e+00	0.000000000000000000e+00
5.999999999999999778e-01	-3.283654069412732497e+02	-2.818964381767436862e+02	1.480034850670490414e+02	4.562101570991804351e+02
6.199999999999999956e-01	2.623201655332620064e+01	8.102140899033595645e+01	-1.544746040521810526e+00	1.221253819791741222e+02
6.400000000000000133e-01	-2.066625294541008770e+02	-6.960918313357979059e+00	-1.144963536288123578e+02	2.067797269176365660e+02
6.600000000000000311e-01	3.792383285285905004e+01	-7.060384993115440011e+01	-5.619636178016662598e-01	8.014437424643455188e+01
6.800000000000000488e-01	-2.998558587208390236e+01	9.948826915491372347e+01	-6.113578283460810781e+00	1.039088593890466825e+02
7.000000000000000666e-01	-1.046594535085993449e+01	3.564788969738098245e+01	-2.829269935633055866e+01	4.368040377862101309e+01
7.199999999999999734e-01	-1.785176260594744235e+01	5.278522696322761476e+01	-1.195004398329183459e+01	1.111609574536664127e+02
7.399999999999999911e-01	-2.220572601538151503e+00	3.398513017323178786e+01	1.801127165999108399e+02	1.293642985065310711e+02
7.600000000000000089e-01	1.292354682649796302e+02	-6.641562118443350471e+01	5.680626162599461537e+01	1.518719749637070038e+02
7.800000000000000266e-01	0.000000000000000000e+00	0.000000000000000000e+00	0.000000000000000000e+00	0.000000000000000000e+00
8.000000000000000444e-01	6.444355434738099575e+01	8.570829465461429209e+01	2.269359517144039273e+01	1.311994976616784356e+02
8.200000000000000622e-01	0.000000000000000000e+00	0.000000000000000000e+00	0.000000000000000000e+00	0.000000000000000000e+00
8.399999999999999689e-01	1.430274433735758066e+01	-1.091384063777513802e+01	-6.243716167798265815e+01	1.799112039442142219e+01
8.599999999999999867e-01	1.539671230840031058e+01	-6.606955801020376384e+00	2.787138456711545587e+00	4.370777459079910443e+01
8.800000000000000044e-01	0.000000000000000000e+00	0.000000000000000000e+00	0.000000000000000000e+00	0.000000000000000000e+00
9.000000000000000222e-01	-4.540263390401378274e+00	7.374469265504740179e+01	-5.076332981814630330e+01	7.388432639228444998e+01
9.200000000000000400e-01	0.000000000000000000e+00	0.000000000000000000e+00	0.000000000000000000e+00	0.000000000000000000e+00
9.400000000000000577e-01	1.700169834382832050e+02	-2.971687020079698414e+02	2.713057004902511835e+02	3.423667800919870956e+02
9.599999999999999645e-01	1.784182801942806691e+02	-1.737780410260893404e+01	8.944299478991888463e+01	1.792625749645293354e+02
9.799999999999999822e-01	-8.630083753284998238e+01	6.873852649726904929e+01	-1.537964310892857611e+01	1.103305016026263132e+02
1.000000000000000000e+00	3.437242587096989155e+01	2.819652796443551779e+01	2.715802958444692194e+01	4.445793348216395202e+01
1.020000000000000018e+00	-1.719749683164991438e+01	-9.312543016858398914e-02	5.983247380866669118e+01	1.719774896957020260e+01
1.040000000000000036e+00	0.000000000000000000e+00	0.000000000000000000e+00	0.000000000000000000e+00	0.000000000000000000e+00
1.060000000000000053e+00	0.000000000000000000e+00	0.000000000000000000e+00	0.000000000000000000e+00	0.000000000000000000e+00
1.080000000000000071e+00	-1.125388196709100157e+02	5.460671561909839511e+01	-7.862778835906647146e+01	1.250874866788308566e+02
1.100000000000000089e+00	-4.690621031564660370e+01	9.729321988904848695e+01	-1.012764176775235683e+02	1.080100143623470359e+02
1.120000000000000107e+00	0.000000000000000000e+00	0.000000000000000000e+00	0.000000000000000000e+00	0.000000000000000000e+00
1.140000000000000124e+00	0.000000000000000000e+00	0.000000000000000000e+00	0.000000000000000000e+00	0.000000000000000000e+00
1.159999999999999920e+00	0.000000000000000000e+00	0.000000000000000000e+00	0.000000000000000000e+00	0.000000000000000000e+00
1.179999999999999938e+00	0.000000000000000000e+00	0.000000000000000000e+00	0.000000000000000000e+00	0.000000000000000000e+00
1.199999999999999956e+00	0.000000000000000000e+00	0.000000000000000000e+00	0.000000000000000000e+00	0.000000000000000000e+00
1.219999999999999973e+00	6.363819894660264254e+01	-3.511872963281348348e+00	-1.377040825809817761e+02	6.373502660921703722e+01
1.239999999999999991e+00	0.000000000000000000e+00	0.000000000000000000e+00	0.000000000000000000e+00	0.000000000000000000e+00
1.260000000000000009e+00	0.000000000000000000e+00	0.000000000000000000e+00	0.000000000000000000e+00	0.000000000000000000e+00
1.280000000000000027e+00	0.000000000000000000e+00	0.000000000000000000e+00	0.000000000000000000e+00	0.000000000000000000e+00
1.300000000000000044e+00	0.000000000000000000e+00	0.000000000000000000e+00	0.000000000000000000e+00	0.000000000000000000e+00
1.320000000000000062e+00	0.000000000000000000e+00	0.000000000000000000e+00	0.000000000000000000e+00	0.000000000000000000e+00
1.340000000000000080e+00	0.000000000000000000e+00	0.000000000000000000e+00	0.000000000000000000e+00	0.000000000000000000e+00
1.360000000000000098e+00	0.000000000000000000e+00	0.000000000000000000e+00	0.000000000000000000e+00	0.000000000000000000e+00
1.380000000000000115e+00	0.000000000000000000e+00	0.000000000000000000e+00	0.000000000000000000e+00	0.000000000000000000e+00
1.400000000000000133e+00	0.000000000000000000e+00	0.000000000000000000e+00	0.000000000000000000e+00	0.000000000000000000e+00
1.419999999999999929e+00	0.000000000000000000e+00	0.000000000000000000e+00	0.000000000000000000e+00	0.000000000000000000e+00
1.439999999999999947e+00	0.000000000000000000e+00	0.000000000000000000e+00	0.000000000000000000e+00	0.000000000000000000e+00
1.459999999999999964e+00	0.000000000000000000e+00	0.000000000000000000e+00	0.000000000000000000e+00	0.000000000000000000e+00
1.479999999999999982e+00	0.000000000000000000e+00	0.000000000000000000e+00	0.000000000000000000e+00	0.000000000000000000e+00
1.500000000000000000e+00	0.000000000000000000e+00	0.000000000000000000e+00	0.000000000000000000e+00	0.000000000000000000e+00
1.520000000000000018e+00	0.000000000000000000e+00	0.000000000000000000e+00	0.000000000000000000e+00	0.000000000000000000e+00
1.540000000000000036e+00	0.000000000000000000e+00	0.000000000000000000e+00	0.000000000000000000e+00	0.000000000000000000e+00
1.560000000000000053e+00	0.000000000000000000e+00	0.000000000000000000e+00	0.000000000000000000e+00	0.000000000000000000e+00
1.580000000000000071e+00	0.000000000000000000e+00	0.000000000000000000e+00	0.000000000000000000e+00	0.000000000000000000e+00
1.600000000000000089e+00	0.000000000000000000e+00	0.000000000000000000e+00	0.000000000000000000e+00	0.000000000000000000e+00
1.620000000000000107e+00	0.000000000000000000e+00	0.000000000000000000e+00	0.000000000000000000e+00	0.000000000000000000e+00
1.640000000000000124e+00	0.000000000000000000e+00	0.000000000000000000e+00	0.000000000000000000e+00	0.000000000000000000e+00
1.660000000000000142e+00	0.000000000000000000e+00	0.000000000000000000e+00	0.000000000000000000e+00	0.000000000000000000e+00
1.679999999999999938e+00	0.000000000000000000e+00	0.000000000000000000e+00	0.000000000000000000e+00	0.000000000000000000e+00
1.699999999999999956e+00	0.000000000000000000e+00	0.000000000000000000e+00	0.000000000000000000e+00	0.000000000000000000e+00
1.719999999999999973e+00	0.000000000000000000e+00	0.000000000000000000e+00	0.000000000000000000e+00	0.000000000000000000e+00
1.739999999999999991e+00	0.000000000000000000e+00	0.000000000000000000e+00	0.000000000000000000e+00	0.000000000000000000e+00
1.760000000000000009e+00	0.000000000000000000e+00	0.000000000000000000e+00	0.000000000000000000e+00	0.000000000000000000e+00
1.780000000000000027e+00	0.000000000000000000e+00	0.000000000000000000e+00	0.000000000000000000e+00	0.000000000000000000e+00
1.800000000000000044e+00	0.000000000000000000e+00	0.000000000000000000e+00	0.000000000000000000e+00	0.000000000000000000e+00
1.820000000000000062e+00	0.000000000000000000e+00	0.000000000000000000e+00	0.000000000000000000e+00	0.000000000000000000e+00
1.840000000000000080e+00	0.000000000000000000e+00	0.000000000000000000e+00	0.000000000000000000e+00	0.000000000000000000e+00
1.860000000000000098e+00	0.000000000000000000e+00	0.000000000000000000e+00	0.000000000000000000e+00	0.000000000000000000e+00
1.880000000000000115e+00	0.000000000000000000e+00	0.000000000000000000e+00	0.000000000000000000e+00	0.000000000000000000e+00
1.900000000000000133e+00	0.000000000000000000e+00	0.000000000000000000e+00	0.000000000000000000e+00	0.000000000000000000e+00
1.919999999999999929e+00	0.000000000000000000e+00	0.000000000000000000e+00	0.000000000000000000e+00	0.000000000000000000e+00
1.939999999999999947e+00	0.000000000000000000e+00	0.000000000000000000e+00	0.000000000000000000e+00	0.000000000000000000e+00
1.959999999999999964e+00	0.000000000000000000e+00	0.000000000000000000e+00	0.000000000000000000e+00	0.000000000000000000e+00
1.979999999999999982e+00	0.000000000000000000e+00	0.000000000000000000e+00	0.000000000000000000e+00	0.000000000000000000e+00
2.000000000000000000e+00	0.000000000000000000e+00	0.000000000000000000e+00	0.000000000000000000e+00	0.000000000000000000e+00
