# nm	H2O.H	H2O.O	CCl4.Cl	CCl4.C	Na+	Cl-	DDC.T	DDC.HG
# 
0.000000000000000000e+00	1.849783108920380473e+07	1.884793075759888068e+07	0.000000000000000000e+00	0.000000000000000000e+00	5.207735864907884039e+06	6.263507144504826516e+06	0.000000000000000000e+00	0.000000000000000000e+00
0.000000000000000000e+00	2.755312503398829326e+07	3.038881347616908699e+07	0.000000000000000000e+00	0.000000000000000000e+00	8.511563187500000000e+06	7.629214471875347197e+06	0.000000000000000000e+00	0.000000000000000000e+00
0.000000000000000000e+00	1.586435882077858783e+07	2.419216593912121654e+07	0.000000000000000000e+00	0.000000000000000000e+00	9.743183704805368558e+06	1.371169163948330563e+06	0.000000000000000000e+00	0.000000000000000000e+00
0.000000000000000000e+00	9.821441225218420848e+06	1.958247917650045455e+07	0.000000000000000000e+00	0.000000000000000000e+00	1.008221223927897401e+07	6.607982729160252959e+06	0.000000000000000000e+00	0.000000000000000000e+00
0.000000000000000000e+00	2.985789495143381506e+07	1.145453831724874489e+07	0.000000000000000000e+00	0.000000000000000000e+00	8.037242688685319386e+06	4.497420923082961701e+06	0.000000000000000000e+00	0.000000000000000000e+00
0.000000000000000000e+00	2.189436041989739612e+07	2.908263178533756360e+07	0.000000000000000000e+00	0.000000000000000000e+00	6.777700874257449061e+06	6.566359099734498188e+06	0.000000000000000000e+00	0.000000000000000000e+00
0.000000000000000000e+00	1.095902210855148360e+07	3.341965219059812650e+07	0.000000000000000000e+00	0.000000000000000000e+00	6.758023449953430332e+06	4.767976663212053478e+06	0.000000000000000000e+00	0.000000000000000000e+00
0.000000000000000000e+00	2.728408556343708187e+07	3.326891011559393257e+06	0.000000000000000000e+00	0.000000000000000000e+00	8.448746364499662071e+06	3.634245004817838781e+06	0.000000000000000000e+00	0.000000000000000000e+00
0.000000000000000000e+00	2.655120564001108706e+07	1.895503962314860523e+07	0.000000000000000000e+00	0.000000000000000000e+00	5.454599862984977663e+06	7.728173451692005619e+06	0.000000000000000000e+00	0.000000000000000000e+00
0.000000000000000000e+00	2.107415809745641798e+07	1.733335046429524198e+07	0.000000000000000000e+00	0.000000000000000000e+00	8.614027655277779326e+06	3.384224017992628273e+06	0.000000000000000000e+00	0.000000000000000000e+00
0.000000000000000000e+00	2.512511844371766225e+07	2.178327705745708942e+07	0.000000000000000000e+00	0.000000000000000000e+00	8.536376953482184559e+06	7.743363481650429778e+06	0.000000000000000000e+00	0.000000000000000000e+00
0.000000000000000000e+00	1.278391246469652839e+07	2.112489071411579102e+07	0.000000000000000000e+00	0.000000000000000000e+00	5.303134491908347234e+06	9.306458221502132714e+06	0.000000000000000000e+00	0.000000000000000000e+00
0.000000000000000000e+00	1.034270186830059439e+07	1.728360597972073033e+07	0.000000000000000000e+00	0.000000000000000000e+00	5.601971428995640948e+06	9.922440493567600846e+06	0.000000000000000000e+00	0.000000000000000000e+00
0.000000000000000000e+00	9.651533209852976725e+06	2.412517781877105311e+07	0.000000000000000000e+00	0.000000000000000000e+00	3.964157319859261625e+06	4.283303641258887015e+06	0.000000000000000000e+00	0.000000000000000000e+00
0.000000000000000000e+00	1.466301054646590911e+07	1.773487211759540811e+07	0.000000000000000000e+00	0.000000000000000000e+00	3.593056287199563347e+06	7.571494646523208357e+06	0.000000000000000000e+00	0.000000000000000000e+00
0.000000000000000000e+00	1.726119257501677424e+07	1.055107315257104114e+07	0.000000000000000000e+00	0.000000000000000000e+00	5.558452134507238865e+06	5.949199466631122865e+06	0.000000000000000000e+00	0.000000000000000000e+00
0.000000000000000000e+00	3.647482853997548670e+07	1.683306094274502248e+07	0.000000000000000000e+00	0.000000000000000000e+00	1.036042088374111988e+07	5.023983276493375190e+06	0.000000000000000000e+00	0.000000000000000000e+00
0.000000000000000000e+00	1.989773683789877966e+07	3.614467177174506336e+07	0.000000000000000000e+00	0.000000000000000000e+00	3.619124752008500043e+06	4.370209609811266884e+06	0.000000000000000000e+00	0.000000000000000000e+00
0.000000000000000000e+00	2.066214996086589620e+07	1.487987287137168832e+07	0.000000000000000000e+00	0.000000000000000000e+00	6.441090559886448085e+06	9.402761924113253132e+06	0.000000000000000000e+00	0.000000000000000000e+00
0.000000000000000000e+00	2.063182191270084679e+07	3.587295757933434099e+07	0.000000000000000000e+00	0.000000000000000000e+00	1.036646811664110795e+07	4.028842525780639611e+06	0.000000000000000000e+00	0.000000000000000000e+00
0.000000000000000000e+00	9.932655042343376204e+06	3.578705117452650331e+06	1.620586583780252840e+04	0.000000000000000000e+00	2.164392443567528855e+06	2.361703721034781076e+06	0.000000000000000000e+00	0.000000000000000000e+00
0.000000000000000000e+00	1.253074475201847032e+07	2.359865473070313409e+07	0.000000000000000000e+00	0.000000000000000000e+00	8.818938241681912914e+06	7.107190092170011252e+06	0.000000000000000000e+00	0.000000000000000000e+00
0.000000000000000000e+00	1.859979132939263806e+07	1.354516724508661777e+07	0.000000000000000000e+00	0.000000000000000000e+00	7.421011072012646124e+06	5.590773074111123569e+06	0.000000000000000000e+00	0.000000000000000000e+00
0.000000000000000000e+00	1.984581261148842797e+07	1.993706211986430734e+07	1.620586583780252840e+04	0.000000000000000000e+00	9.567938123153382912e+06	7.173019130346786231e+06	0.000000000000000000e+00	0.000000000000000000e+00
0.000000000000000000e+00	1.009867191707585193e+07	1.478173578832232580e+07	1.620586583780252840e+04	0.000000000000000000e+00	7.395632789403604344e+06	1.186081141233089566e+07	0.000000000000000000e+00	0.000000000000000000e+00
0.000000000000000000e+00	1.079070541346715018e+07	3.846466296013824642e+07	3.241173167560505681e+04	0.000000000000000000e+00	4.233635138516900130e+06	4.297910004676593468e+06	0.000000000000000000e+00	0.000000000000000000e+00
0.000000000000000000e+00	1.072108025324211456e+07	2.044169201016015559e+07	3.241173167560505681e+04	0.000000000000000000e+00	3.966132977754081134e+06	5.647929951073067263e+06	0.000000000000000000e+00	0.000000000000000000e+00
0.000000000000000000e+00	2.400172644890609011e+07	4.314198666151308268e+07	3.241173167560505681e+04	0.000000000000000000e+00	9.717420820633158088e+06	6.502821862316966057e+06	0.000000000000000000e+00	0.000000000000000000e+00
0.000000000000000000e+00	2.844475899404158071e+07	1.941551018999860063e+07	4.861759751340758521e+04	6.481912733359466802e+04	9.132267998610928655e+06	6.651701643366432749e+06	0.000000000000000000e+00	0.000000000000000000e+00
0.000000000000000000e+00	2.388175621955145895e+07	3.882644385869299993e+06	4.861759751340758521e+04	0.000000000000000000e+00	6.227131207133586518e+06	6.645810488510055467e+06	0.000000000000000000e+00	0.000000000000000000e+00
0.000000000000000000e+00	1.024838861057474464e+07	3.081307214802724123e+07	4.861759751340758521e+04	1.296382546671893360e+05	5.456035850863740779e+06	1.202414508299515396e+07	0.000000000000000000e+00	0.000000000000000000e+00
0.000000000000000000e+00	1.229947507516426593e+07	1.296927152508782409e+07	4.861759751340758521e+04	1.296382546671893360e+05	9.925597992611266673e+06	6.188010125329597853e+06	0.000000000000000000e+00	0.000000000000000000e+00
0.000000000000000000e+00	2.612842747775654867e+07	3.853922308261415362e+07	6.482346335121011361e+04	0.000000000000000000e+00	1.086242369454663247e+07	5.982028319026187062e+06	0.000000000000000000e+00	0.000000000000000000e+00
0.000000000000000000e+00	7.109664967137311585e+06	2.134892145801545680e+07	1.620586583780252840e+04	6.481912733359466802e+04	7.824880114121068269e+06	7.554922271749363281e+06	0.000000000000000000e+00	0.000000000000000000e+00
0.000000000000000000e+00	1.452301015878801048e+07	1.761422369998141006e+07	1.620586583780252840e+04	0.000000000000000000e+00	4.105882818947237451e+06	9.104776630875861272e+06	0.000000000000000000e+00	0.000000000000000000e+00
0.000000000000000000e+00	1.296046032340705208e+07	8.042573543097835034e+06	1.458527925402227847e+05	6.481912733359466802e+04	3.213239685778282117e+06	6.683424148555913009e+06	0.000000000000000000e+00	0.000000000000000000e+00
0.000000000000000000e+00	1.889789528977781907e+07	2.664150378034017235e+07	1.134410608646176843e+05	2.592765093343786721e+05	8.511563187500000000e+06	4.886443689153401181e+06	0.000000000000000000e+00	0.000000000000000000e+00
0.000000000000000000e+00	1.065660945268491656e+07	1.455691034734044410e+07	8.102932918901265657e+04	1.296382546671893360e+05	8.514323843776982278e+06	1.109080076112400554e+07	0.000000000000000000e+00	0.000000000000000000e+00
0.000000000000000000e+00	1.503175355956146680e+07	4.477783154717328958e+06	9.723519502681519953e+04	6.481912733359466802e+04	7.328596679836889729e+06	2.138906698603141587e+06	0.000000000000000000e+00	0.000000000000000000e+00
0.000000000000000000e+00	5.162343388374700211e+06	1.936521523725543171e+07	1.134410608646176843e+05	6.481912733359466802e+04	6.502821862316966057e+06	8.111946170044320635e+06	0.000000000000000000e+00	0.000000000000000000e+00
0.000000000000000000e+00	3.707630084722216427e+07	4.983663861123249680e+07	8.102932918901265657e+04	0.000000000000000000e+00	2.135241046040165704e+06	1.339436477806363627e+07	0.000000000000000000e+00	0.000000000000000000e+00
0.000000000000000000e+00	2.076387444343421608e+07	5.595245290176268667e+07	1.296469267024202272e+05	0.000000000000000000e+00	6.531670012199027464e+06	9.389422301260016859e+06	0.000000000000000000e+00	0.000000000000000000e+00
0.000000000000000000e+00	1.773889748794995993e+07	6.666487366029410623e+06	1.620586583780253131e+05	6.481912733359466802e+04	5.892306004144079052e+06	1.247437427624079585e+07	0.000000000000000000e+00	0.000000000000000000e+00
0.000000000000000000e+00	3.082163571345426515e+07	2.775835689625870436e+07	1.782645242158277833e+05	3.889147640015679062e+05	8.533623431464368477e+06	7.107190092170012183e+06	0.000000000000000000e+00	0.000000000000000000e+00
0.000000000000000000e+00	2.537289099288395047e+07	3.465931630221291631e+07	1.296469267024202272e+05	1.296382546671893360e+05	7.189382209469831549e+06	6.198129527225059457e+06	0.000000000000000000e+00	0.000000000000000000e+00
0.000000000000000000e+00	2.925741096926550567e+07	1.440321713842982426e+07	1.944703900536303408e+05	1.296382546671893360e+05	1.090057925862138160e+07	8.653044359829785302e+06	0.000000000000000000e+00	0.000000000000000000e+00
0.000000000000000000e+00	1.808541220661887899e+07	1.604827986585332640e+07	2.268821217292353685e+05	2.592765093343786721e+05	5.488959886946550570e+06	1.218914631296065636e+07	0.000000000000000000e+00	0.000000000000000000e+00
0.000000000000000000e+00	2.250330826767249405e+07	1.132227897354367748e+07	1.458527925402227847e+05	6.481912733359466802e+04	1.090345350501506962e+07	1.090273501445351727e+07	0.000000000000000000e+00	0.000000000000000000e+00
0.000000000000000000e+00	3.193790134761014953e+07	2.611662419508152083e+07	2.754997192426430411e+05	2.592765093343786721e+05	6.767290541656829417e+06	8.042114631115317345e+06	0.000000000000000000e+00	3.748732986694420106e+05
0.000000000000000000e+00	1.673269359711304866e+07	2.216947879325761646e+07	1.782645242158277833e+05	1.296382546671893360e+05	9.944521933515021577e+06	4.607550060499021783e+06	0.000000000000000000e+00	4.521142093125000247e+05
0.000000000000000000e+00	2.154410520147641748e+07	3.331993164726938680e+07	2.754997192426429247e+05	4.537338913351625088e+05	9.104776630875861272e+06	8.573006072395456955e+06	0.000000000000000000e+00	4.926800373329958529e+05
0.000000000000000000e+00	1.291549520872466080e+07	1.581711658336750604e+07	2.430879875670379843e+05	1.944573820007839531e+05	7.102779796931679361e+06	7.294310659370508045e+06	1.257445108485012133e+04	9.042284186250000494e+05
0.000000000000000000e+00	1.265250788371426240e+07	3.468030649249023199e+07	2.430879875670379843e+05	5.833721460023518885e+05	6.585419688738225959e+06	2.410945369656865019e+06	1.257445108485012133e+04	5.519936481809268007e+05
0.000000000000000000e+00	2.212228951476389170e+07	2.270091424000114575e+07	3.079114509182480397e+05	1.944573820007839531e+05	8.717983689987020567e+06	6.877521732145104557e+06	3.556591852718425071e+04	1.936589749790496891e+06
0.000000000000000000e+00	1.998684421477428824e+07	3.267167826002443209e+07	2.106762558914328984e+05	3.240956366679732455e+05	8.485753753028297797e+06	9.515393703251156956e+06	3.772335325455036946e+04	4.325177571426895447e+05
0.000000000000000000e+00	2.322383394896970317e+07	2.310099166035806760e+07	1.296469267024202272e+05	1.944573820007839531e+05	7.823878913923236541e+06	6.977037247426796705e+06	4.606801910449946445e+04	1.360825694516268326e+06
0.000000000000000000e+00	1.311295469848266803e+07	1.764122568369844556e+07	1.296469267024202272e+05	3.240956366679732455e+05	7.012874592653925531e+06	4.580266030466953292e+06	1.517606165412944756e+04	1.099192203493698267e+06
0.000000000000000000e+00	2.841475281770168617e+07	1.756997101655626670e+07	1.296469267024202272e+05	1.296382546671893360e+05	7.872787990974508226e+06	7.529995322504657321e+06	4.486852979888930713e+04	1.165912727227369789e+06
0.000000000000000000e+00	9.006680147247653455e+06	2.028628228539287671e+07	2.268821217292353685e+05	1.944573820007839531e+05	8.810940009152680635e+06	7.496630460188894533e+06	2.432950586154568882e+05	1.836216289792638738e+06
0.000000000000000000e+00	2.362327163340765983e+07	1.876615523929515108e+07	2.106762558914328984e+05	6.481912733359466802e+04	6.362776516587563790e+06	4.188990989588359371e+06	2.399127712233061611e+05	1.118854566506178351e+06
0.000000000000000000e+00	1.101601248835624568e+07	1.638019722082407773e+07	1.296469267024202272e+05	6.481912733359466802e+04	1.027919714960012399e+07	7.344613155588020571e+06	1.518067055395796197e+05	1.467983354128192179e+06
0.000000000000000000e+00	1.329563606932587363e+07	1.491352927094901912e+07	2.430879875670379843e+05	6.481912733359466802e+04	7.935228151150911115e+06	2.661151699336161837e+06	2.768139477861368214e+05	4.522144506746508181e+06
0.000000000000000000e+00	1.925277989288716763e+07	3.600792534533500671e+07	2.268821217292353685e+05	1.296382546671893360e+05	1.616584602755525894e+07	5.219756044464663602e+06	2.172778510034359933e+05	1.803872039626086131e+06
0.000000000000000000e+00	1.146616757425845787e+07	4.654048797832209617e+07	1.296469267024202272e+05	0.000000000000000000e+00	1.396978475659861043e+07	9.666499487678533420e+06	5.515354894254831597e+05	5.609064380509822629e+06
0.000000000000000000e+00	1.280970133949368633e+07	3.414375196165531129e+07	1.574000368249194289e+05	1.296382546671893360e+05	1.636810755259122327e+07	3.902415853919003624e+06	3.703509202670594677e+05	2.520714603135650977e+06
0.000000000000000000e+00	2.765849373481293395e+07	2.000411574307016283e+07	8.102932918901265657e+04	6.481912733359466802e+04	1.096006542161888257e+07	6.609168123865126632e+06	2.882669916150940116e+05	6.862044527646093629e+06
0.000000000000000000e+00	3.018792261996073648e+07	1.502925531924177334e+07	1.574000368249194289e+05	4.537338913351625088e+05	1.161858554680759832e+07	4.683434304926842451e+06	7.500260232806133572e+05	4.173988639362028800e+06
0.000000000000000000e+00	2.170759011915994808e+07	2.109843674274582788e+07	1.412794629591186822e+05	2.592765093343786721e+05	6.263507144504826516e+06	8.176392596262788400e+06	6.718121964513525600e+05	3.417987361860617995e+06
0.000000000000000000e+00	1.455672869000995718e+07	2.643936453577525914e+07	1.091141480395466351e+05	6.481912733359466802e+04	8.973042478539280593e+06	4.469464655775830150e+06	9.930505357049966697e+05	7.033554484336274676e+06
0.000000000000000000e+00	2.400967965420154110e+07	1.148552350310590304e+07	4.861759751340758521e+04	0.000000000000000000e+00	1.359233751656649075e+07	4.134402838675309904e+06	2.854836818891237490e+05	3.113599750702673569e+06
0.000000000000000000e+00	1.617668600747813098e+07	2.012473280179110542e+07	7.186834065525294864e+04	0.000000000000000000e+00	8.782442857461549342e+06	5.896293129448063672e+06	2.748086286866369192e+05	8.719489393506670371e+06
0.000000000000000000e+00	3.563865046984969079e+07	1.556364235228264518e+07	1.279476798960990564e+05	6.481912733359466802e+04	4.566562885231297463e+06	5.784969040167560801e+06	7.236619523849554826e+05	6.915390100730621256e+06
0.000000000000000000e+00	2.372906287524572760e+07	1.445131206419862062e+07	9.167422103127662558e+04	3.889147640015679062e+05	1.339261009609133936e+07	4.158961993177795783e+06	1.059594559635416372e+06	9.145277085322486237e+06
0.000000000000000000e+00	8.069555181350520812e+06	2.226384234669105709e+07	1.609746418080035073e+05	7.484668122937501175e+04	7.128101730355612934e+06	7.092846606122863479e+06	7.416320418420507340e+05	4.057226349319867324e+06
0.000000000000000000e+00	4.109102408273711335e+06	1.511641308527576923e+07	5.535356978656970750e+04	1.296382546671893360e+05	1.048070261909045279e+07	4.675063548807879910e+06	1.305592988632228691e+06	5.022097946671559475e+06
0.000000000000000000e+00	2.283033472151434049e+07	2.601411829871938005e+07	1.198211644614147808e+05	1.944573820007839531e+05	6.868403369856103323e+06	5.263099072042192332e+06	1.302675177672145190e+06	9.189383033016093075e+06
0.000000000000000000e+00	1.552962401607526094e+07	1.657942454655924626e+07	1.306558674187102151e+05	6.481912733359466802e+04	9.990890920413857326e+06	4.892852142647053115e+06	1.832156655673589557e+06	7.764677669414609671e+06
0.000000000000000000e+00	1.291168643346027844e+07	2.269895718027584255e+07	1.409692991097684135e+05	1.058491916931979067e+05	1.714555525285439193e+07	5.488959886946550570e+06	1.058145940949289128e+06	1.121052551655218378e+07
0.000000000000000000e+00	1.165696518570459820e+07	4.462407190713918954e+07	7.001734285865630955e+04	7.484668122937501175e+04	7.879750220360749401e+06	4.520008073846259154e+06	3.230615025118462276e+06	6.284602096914737485e+06
0.000000000000000000e+00	1.251925950033806264e+07	2.201925081064026430e+07	1.859559845620980486e+05	2.213994688266034645e+05	1.761120763617070392e+07	4.886443689153401181e+06	9.916606818487640703e+05	9.518750218386469409e+06
0.000000000000000000e+00	1.847082151183888689e+07	2.775652778043236583e+07	2.501869385081825603e+05	1.631245598691241175e+05	1.075588769216882065e+07	4.119216734692281578e+06	2.040047562015088042e+06	4.731260562599455006e+06
0.000000000000000000e+00	1.228678369117807597e+07	2.074167759191568196e+07	2.597997931120880239e+05	5.638394789008504013e+05	1.274523680833207443e+07	7.039632875905072317e+06	2.771194994844750036e+06	1.043015476103795506e+07
0.000000000000000000e+00	1.512938751390343718e+07	1.964805123339134082e+07	1.153541984614257381e+05	0.000000000000000000e+00	2.052597951883029193e+07	5.535856707091780379e+06	2.099891074605765287e+06	8.630944348375007510e+06
0.000000000000000000e+00	2.864744321641818807e+07	1.824197382568948343e+07	8.102932918901283119e+04	1.631245598691240593e+05	1.539540693588791601e+07	5.881660456146278419e+06	1.459609106749441009e+06	1.168066290123200603e+07
0.000000000000000000e+00	1.260493402428701520e+07	4.517556016307284683e+07	2.611441735923369997e+05	6.471100527778199175e+05	1.458862131874101609e+07	4.307013827638889663e+06	2.583402867399966344e+06	7.947728989342313260e+06
0.000000000000000000e+00	1.197709731389030628e+07	2.455212218263117597e+07	3.010105981618174119e+05	4.283297110660694889e+05	1.474033424050746299e+07	6.356617598759951070e+06	3.554561309597976506e+06	1.550410293554298207e+07
0.000000000000000000e+00	2.065498180760189891e+07	2.527029822965858132e+07	2.998450154756518314e+05	3.175475750795938075e+05	1.097220954215492681e+07	7.328596679836889729e+06	1.244055285260686418e+06	1.110658929053236917e+07
0.000000000000000000e+00	1.319080618713504076e+07	2.089623139997990429e+07	2.754997192426429247e+05	2.454012554548278858e+05	1.052917458925742656e+07	4.886443689153401181e+06	1.910899525267179823e+06	1.469203393561161682e+07
0.000000000000000000e+00	1.726263256133617461e+07	4.776333527572362684e+06	6.206374103109810967e+05	6.481912733359450795e+04	1.091781338678763248e+07	7.128101730355613865e+06	3.497253517664477113e+05	1.208441535374897532e+07
0.000000000000000000e+00	1.513246337416673638e+07	4.016738946401587874e+07	7.918794767600054620e+05	7.208244466200096067e+05	1.214343001189118065e+07	7.521667982027955353e+06	2.272212326353335753e+06	4.677151900767834857e+06
0.000000000000000000e+00	1.343394000075479597e+07	3.256213231428451091e+07	1.299032661594622303e+06	1.050523232078748755e+06	1.491573253355642967e+07	7.663024357185417786e+06	2.582907389196597505e+06	1.380086657107934728e+07
0.000000000000000000e+00	1.921516441920959949e+07	1.196702532274751365e+07	5.578679536862940295e+05	9.758813285839550663e+05	8.959937400012904778e+06	7.667112393943089992e+06	1.929018212372239912e+06	6.056179060710923746e+06
0.000000000000000000e+00	2.819066769963644817e+07	1.295768518655021116e+07	1.082239644036022481e+06	1.476207300421963446e+06	1.043050344745090604e+07	5.971542722325090319e+06	2.440986684965309221e+06	1.055488138236579858e+07
0.000000000000000000e+00	2.198280852437178418e+07	1.200285719821884669e+07	1.130351881470827153e+06	2.180531885866405908e+06	7.471509036426269449e+06	5.668697014460075647e+06	4.904078434857179411e+06	6.841811775537420996e+06
0.000000000000000000e+00	1.834463540165497363e+07	5.923103895782064646e+06	1.167534880747394636e+06	1.800992191853957251e+06	6.142266507432967424e+06	4.846198862139260396e+06	5.305147359975354746e+06	1.164644550411647186e+07
0.000000000000000000e+00	1.780959508673060313e+07	2.348507112288211659e+07	7.001734285865649581e+05	1.236103760707144625e+06	6.730145613200943917e+06	6.074294872221320868e+06	1.292440703593071550e+06	9.409245487510133535e+06
0.000000000000000000e+00	1.582126217845102400e+07	8.267480610195306130e+06	6.883201856297311606e+05	2.750042669290743768e+06	2.589538065301838797e+06	5.701766990765329450e+06	1.823819284689699532e+06	6.803157614407391287e+06
0.000000000000000000e+00	2.797342847659197077e+07	1.735676765850496665e+07	1.426729920223047957e+06	1.589501049595220480e+06	3.627772613207633607e+06	4.749869315460496582e+06	3.973607875333013944e+06	1.404052907513905317e+07
0.000000000000000000e+00	2.113350114515775815e+07	2.230788747697301582e+07	2.130973791606529150e+06	2.325070921899993438e+06	5.243713742556931451e+06	4.860725385897876695e+06	5.471708595333677717e+06	6.453957053959704004e+06
0.000000000000000000e+00	2.015215006258421764e+07	1.112170196750121005e+07	1.836227820115488954e+06	1.914085891998525476e+06	1.747904580852310406e+06	3.546975490422203206e+06	2.901705143915131688e+06	7.083740817849611863e+06
0.000000000000000000e+00	2.294072826125475764e+07	1.971694615499160439e+07	2.004816914311351255e+06	3.811305893902637530e+06	1.697889123819015455e+06	4.701797511117122136e+06	6.638096123649864458e+06	4.593084639169525355e+06
0.000000000000000000e+00	1.671577528799329326e+07	2.319466651123189926e+07	1.716572759594104253e+06	1.227006277274131542e+06	9.026140443200871814e+05	4.082923368777552154e+06	5.079013241821222939e+06	1.375790236414998211e+07
0.000000000000000000e+00	1.960256233615296707e+07	1.548528845500872843e+07	2.117683600467754062e+06	3.158671834135836922e+06	2.138906698603142053e+06	4.918402458111870103e+06	4.165922800471257884e+06	8.817057385654907674e+06
0.000000000000000000e+00	1.446078750776871294e+07	1.647536172434717044e+07	3.294577194189255591e+06	1.849712731969432672e+06	1.951207926959501812e+06	3.055790277207363863e+06	3.052871461661531590e+06	7.187377832566385157e+06
0.000000000000000000e+00	1.544808519270520099e+07	3.144797797822231054e+07	2.652552569180495106e+06	5.936408267292888835e+06	1.062103067361006280e+06	2.410945369656865019e+06	1.494334855188801885e+06	1.790116667333558667e+06
0.000000000000000000e+00	1.543476189639854617e+07	2.518098479309935495e+07	6.109618585244276561e+06	5.161030096262565814e+06	0.000000000000000000e+00	1.371169163948330563e+06	3.154773834953903686e+06	3.942211547735840082e+06
0.000000000000000000e+00	1.881667419869319722e+07	6.089001901831151918e+06	5.231391384403177537e+06	6.168837858082675375e+06	9.614493733144204598e+05	1.558354516269293381e+06	7.129812077252293937e+06	1.831199216231443919e+06
0.000000000000000000e+00	1.153459655689629354e+07	1.526833085553068109e+07	2.351638100048656110e+06	4.930090158105680719e+06	2.168008807732779824e+05	1.062103067361006280e+06	2.858379037695088889e+06	2.853436996226310264e+06
0.000000000000000000e+00	1.168849969877863862e+07	1.484984454816201143e+07	2.233824447781040799e+06	5.706415235124474391e+06	2.168008807732779824e+05	7.510202812500000000e+05	6.032300339856385253e+06	2.774211051753709093e+06
0.000000000000000000e+00	1.249930416445418261e+07	1.526389649603747763e+07	2.916980822682921309e+06	7.151188154928380623e+06	5.597774671186702326e+05	1.091207170172748156e+06	5.652173021759204566e+06	1.352118109524849337e+06
0.000000000000000000e+00	3.999527472443791106e+06	3.468231941854537930e+06	4.067596998521327507e+06	5.108662955038906075e+06	2.168008807732779824e+05	2.168008807732779824e+05	1.979698027424344327e+06	2.042641523196065100e+06
0.000000000000000000e+00	1.151036187018095888e+07	1.154376307657879591e+07	2.991303165225534234e+06	3.192191211695032194e+06	2.168008807732779824e+05	4.151420804755724384e+05	3.051392904117590282e+06	6.196462354998700321e+05
0.000000000000000000e+00	5.987312138176209293e+06	7.636728239402297884e+06	8.218786925002645003e+05	7.506342278406817466e+06	0.000000000000000000e+00	0.000000000000000000e+00	3.013293343534046318e+06	5.498427670098640956e+05
0.000000000000000000e+00	3.775322836948878132e+06	7.184550788206337020e+06	1.414621406521982048e+06	5.983405859967098571e+06	2.168008807732779824e+05	0.000000000000000000e+00	4.590235489253913052e+06	6.764524138500764966e+05
0.000000000000000000e+00	4.988216488135044463e+06	3.394870836495302618e+06	3.942790907774419524e+06	2.842942589248828124e+06	2.168008807732779824e+05	2.168008807732779824e+05	5.544007039332087152e+05	3.333521346987627330e+05
0.000000000000000000e+00	3.945207421375682577e+06	3.790003344067616854e+06	4.463914496593514457e+06	5.807735934580891393e+06	0.000000000000000000e+00	4.336017615465559647e+05	3.052980154979398474e+06	5.456485380983179202e+05
0.000000000000000000e+00	1.244400699473240413e+06	3.848165361242646351e+06	2.539792338705701288e+06	4.432257166737438180e+06	0.000000000000000000e+00	2.168008807732779824e+05	9.812067499832760077e+05	3.742922638445189805e+05
0.000000000000000000e+00	1.716027817509928485e+06	7.585586377288387157e+05	2.503408523575664498e+06	1.119101811048268527e+07	0.000000000000000000e+00	4.336017615465559647e+05	2.456538606970947236e+06	4.605028309440825833e+05
0.000000000000000000e+00	2.909666729643645231e+06	4.323960367373549379e+06	1.741508613547575194e+06	6.887826585439981893e+06	0.000000000000000000e+00	0.000000000000000000e+00	1.714211327730915742e+06	3.186972947367186498e+04
0.000000000000000000e+00	1.819831767798128771e+06	9.381048285427520750e+05	4.240232098659924231e+06	4.694951606552025303e+06	0.000000000000000000e+00	0.000000000000000000e+00	5.583727448226143606e+05	6.829227744358256459e+05
0.000000000000000000e+00	1.490388035754504148e+06	5.363819566656928509e+05	9.252494485595719889e+05	6.528737471884548664e+06	0.000000000000000000e+00	0.000000000000000000e+00	1.962679578393314034e+06	1.639014658645981690e+05
0.000000000000000000e+00	1.523726323880087351e+06	1.575936645940492162e+06	2.859145265377862845e+06	5.151251808258720674e+06	0.000000000000000000e+00	0.000000000000000000e+00	3.448398189763816539e+06	3.915423906765400316e+05
0.000000000000000000e+00	9.129622429293643218e+05	1.013964711323774303e+06	2.233569698888207786e+06	6.257200456654729322e+06	0.000000000000000000e+00	0.000000000000000000e+00	2.707491007796835620e+06	0.000000000000000000e+00
0.000000000000000000e+00	1.016048916423971415e+06	9.083160944857114227e+05	3.838875109046069905e+06	5.486317894364192151e+06	0.000000000000000000e+00	0.000000000000000000e+00	2.964662864879552275e+06	1.957711953382700158e+05
0.000000000000000000e+00	6.845285580408204114e+05	1.287842453297914704e+06	4.805979688538888469e+06	5.335681265023672022e+06	0.000000000000000000e+00	0.000000000000000000e+00	1.044805356268250034e+06	0.000000000000000000e+00
0.000000000000000000e+00	1.346857876434928039e+06	6.633402857264241902e+05	2.791865115853332449e+06	9.287022533591229469e+06	0.000000000000000000e+00	0.000000000000000000e+00	1.342611421632860089e+06	0.000000000000000000e+00
0.000000000000000000e+00	7.494401720048576826e+05	1.544753741740256315e+06	3.326587045175160281e+06	4.870213216678779572e+06	0.000000000000000000e+00	0.000000000000000000e+00	2.765697768903174903e+06	0.000000000000000000e+00
0.000000000000000000e+00	1.417641795129924722e+05	1.124748177224302199e+06	5.300507416855648160e+06	4.056075559971229173e+06	0.000000000000000000e+00	0.000000000000000000e+00	1.804538389049680438e+06	0.000000000000000000e+00
0.000000000000000000e+00	5.069823556618872681e+05	4.690524142713765032e+05	2.415688929076332133e+06	7.085573670720317401e+06	0.000000000000000000e+00	0.000000000000000000e+00	1.621981116777999327e+06	0.000000000000000000e+00
0.000000000000000000e+00	1.924082680621325271e+05	3.848165361242650542e+05	2.010398458195151063e+06	4.100033974545029458e+06	0.000000000000000000e+00	0.000000000000000000e+00	1.116238439686866011e+06	0.000000000000000000e+00
0.000000000000000000e+00	5.772248041863974649e+05	3.186583658937338623e+05	3.405443336694064550e+06	2.729595971769199707e+06	0.000000000000000000e+00	0.000000000000000000e+00	1.368463993863948155e+06	0.000000000000000000e+00
0.000000000000000000e+00	2.157327335399359872e+05	2.601834662362500094e+05	3.550169776929550339e+06	3.007635447428047191e+06	0.000000000000000000e+00	0.000000000000000000e+00	1.538295565615458880e+06	0.000000000000000000e+00
0.000000000000000000e+00	3.902751993543750141e+05	9.448457882662578486e+05	1.841203185455732746e+06	4.725873032974988222e+06	0.000000000000000000e+00	0.000000000000000000e+00	7.442008768801502883e+05	0.000000000000000000e+00
0.000000000000000000e+00	2.759662399924102938e+05	4.996267813365718466e+05	1.413909553844333393e+06	6.068930582255974412e+06	0.000000000000000000e+00	0.000000000000000000e+00	8.889919873779105255e+05	0.000000000000000000e+00
0.000000000000000000e+00	1.839774933282735001e+05	4.645204006040936802e+05	2.519981740740503650e+06	3.894905078608192969e+06	0.000000000000000000e+00	0.000000000000000000e+00	1.278045764767117333e+06	0.000000000000000000e+00
0.000000000000000000e+00	5.633137285132081888e+04	2.601834662362500094e+05	1.830689090823993087e+06	5.396622189977259375e+06	0.000000000000000000e+00	0.000000000000000000e+00	9.272238414010269335e+05	0.000000000000000000e+00
0.000000000000000000e+00	3.316701428632120951e+05	2.157327335399359872e+05	1.786153061814571265e+06	4.790772302691794001e+06	0.000000000000000000e+00	0.000000000000000000e+00	9.417971229384987382e+05	0.000000000000000000e+00
0.000000000000000000e+00	1.689941185539624712e+05	2.157327335399359872e+05	1.341730862286594696e+06	7.110336233633302152e+06	0.000000000000000000e+00	0.000000000000000000e+00	1.895739604808985721e+06	0.000000000000000000e+00
0.000000000000000000e+00	3.316701428632120951e+05	2.253254914052832755e+05	2.822908014776833355e+06	5.384151042157853954e+06	0.000000000000000000e+00	0.000000000000000000e+00	8.158637137582821306e+05	0.000000000000000000e+00
0.000000000000000000e+00	2.322602003020468110e+05	3.848165361242650542e+05	2.376670019107450265e+06	2.825152403557341546e+06	0.000000000000000000e+00	0.000000000000000000e+00	8.027534042488730047e+05	0.000000000000000000e+00
0.000000000000000000e+00	6.504586655906250235e+04	1.126627457026416378e+05	3.263192369933630805e+06	9.138270978149231523e+06	0.000000000000000000e+00	0.000000000000000000e+00	4.639980533991228440e+05	0.000000000000000000e+00
0.000000000000000000e+00	2.681909783328462509e+05	1.300917331181250047e+05	5.092347916394402273e+06	3.433170845439034048e+06	0.000000000000000000e+00	0.000000000000000000e+00	4.985150868446593522e+05	0.000000000000000000e+00
0.000000000000000000e+00	1.078663667699679936e+05	1.839774933282735001e+05	2.071479050621487899e+06	2.738560186283180956e+06	0.000000000000000000e+00	0.000000000000000000e+00	5.123794856247871066e+05	0.000000000000000000e+00
0.000000000000000000e+00	2.157327335399359872e+05	4.690524142713765032e+05	1.779597899087699829e+06	9.606944012539758114e+05	0.000000000000000000e+00	0.000000000000000000e+00	1.071190883616894018e+06	0.000000000000000000e+00
0.000000000000000000e+00	6.504586655906250235e+04	1.126627457026416378e+05	3.173082045348634478e+06	8.048976743076704443e+06	0.000000000000000000e+00	0.000000000000000000e+00	1.004137965463380679e+06	0.000000000000000000e+00
0.000000000000000000e+00	9.198874666413675004e+04	1.126627457026416378e+05	2.060546792020142311e+06	4.590121852853751741e+06	0.000000000000000000e+00	0.000000000000000000e+00	3.937510027868071338e+05	0.000000000000000000e+00
0.000000000000000000e+00	1.078663667699679936e+05	1.126627457026416378e+05	3.646811958440772723e+06	1.025611212372672558e+07	0.000000000000000000e+00	0.000000000000000000e+00	4.125921835329959285e+05	0.000000000000000000e+00
0.000000000000000000e+00	2.498133906682859233e+05	2.835283590259851771e+05	3.063594529123641085e+06	9.513113293371265754e+06	0.000000000000000000e+00	0.000000000000000000e+00	8.292509724836163223e+05	0.000000000000000000e+00
0.000000000000000000e+00	1.689941185539624712e+05	2.835283590259851771e+05	5.150534196918451227e+06	5.923182117463017814e+06	0.000000000000000000e+00	0.000000000000000000e+00	2.135725639405153343e+05	0.000000000000000000e+00
0.000000000000000000e+00	1.417641795129925886e+05	1.300917331181250047e+05	3.930827328229981009e+06	4.439361032977579162e+06	0.000000000000000000e+00	0.000000000000000000e+00	4.527011217516419711e+05	0.000000000000000000e+00
0.000000000000000000e+00	1.417641795129925886e+05	1.126627457026416378e+05	2.148219810707532801e+06	6.856033625004474074e+06	0.000000000000000000e+00	0.000000000000000000e+00	7.499701291860296624e+05	0.000000000000000000e+00
0.000000000000000000e+00	1.300917331181250047e+05	1.126627457026416378e+05	4.769629792476386763e+06	6.872356080328915268e+06	0.000000000000000000e+00	0.000000000000000000e+00	4.839913478772279923e+05	0.000000000000000000e+00
0.000000000000000000e+00	1.126627457026416378e+05	3.186583658937338623e+05	3.279890022487778217e+06	4.554437465542989783e+06	0.000000000000000000e+00	0.000000000000000000e+00	5.130188205855742563e+05	0.000000000000000000e+00
0.000000000000000000e+00	1.078663667699679936e+05	1.126627457026416378e+05	3.328415523416056298e+06	1.471931872069582809e+06	0.000000000000000000e+00	0.000000000000000000e+00	2.969633642125350307e+05	0.000000000000000000e+00
0.000000000000000000e+00	6.504586655906250235e+04	1.300917331181250047e+05	1.441745331054818816e+06	1.802546781864470337e+06	0.000000000000000000e+00	0.000000000000000000e+00	3.966288370881255833e+05	0.000000000000000000e+00
0.000000000000000000e+00	5.633137285132081888e+04	1.126627457026416378e+05	3.300736131331942510e+06	4.110950133908212651e+06	0.000000000000000000e+00	0.000000000000000000e+00	6.989556500395295443e+05	0.000000000000000000e+00
0.000000000000000000e+00	1.078663667699679936e+05	0.000000000000000000e+00	2.941026077781484462e+06	2.853023541630551685e+06	0.000000000000000000e+00	0.000000000000000000e+00	4.469961702716629370e+05	0.000000000000000000e+00
0.000000000000000000e+00	6.504586655906250235e+04	0.000000000000000000e+00	3.045021385976383463e+06	7.162929065537312068e+06	0.000000000000000000e+00	0.000000000000000000e+00	1.662433880142610869e+05	0.000000000000000000e+00
0.000000000000000000e+00	1.689941185539624712e+05	1.126627457026416378e+05	3.505465262967696879e+06	3.521772973942017183e+06	0.000000000000000000e+00	0.000000000000000000e+00	3.013961329771080054e+05	0.000000000000000000e+00
0.000000000000000000e+00	9.198874666413675004e+04	3.379882371079249424e+05	1.831645239057663362e+06	2.789231646609498188e+06	0.000000000000000000e+00	0.000000000000000000e+00	4.713550644158814102e+05	0.000000000000000000e+00
0.000000000000000000e+00	3.186583658937338623e+05	1.126627457026416378e+05	2.314263462846297771e+06	5.127953645831502043e+06	0.000000000000000000e+00	0.000000000000000000e+00	1.247887614531408326e+05	0.000000000000000000e+00
0.000000000000000000e+00	1.689941185539624712e+05	3.186583658937338623e+05	4.108360125826892443e+06	8.726221101487321779e+06	0.000000000000000000e+00	0.000000000000000000e+00	1.502647514597217669e+05	0.000000000000000000e+00
0.000000000000000000e+00	9.198874666413675004e+04	2.253254914052832755e+05	4.915981131286372431e+06	3.911231475614727475e+06	0.000000000000000000e+00	0.000000000000000000e+00	2.496030401468930650e+05	0.000000000000000000e+00
0.000000000000000000e+00	1.689941185539624712e+05	2.253254914052832755e+05	3.946297485616647638e+06	4.999623849198315293e+06	0.000000000000000000e+00	0.000000000000000000e+00	1.466822592875401315e+05	0.000000000000000000e+00
0.000000000000000000e+00	1.300917331181250047e+05	1.126627457026416378e+05	1.522661621279199841e+06	5.421090921139133163e+06	0.000000000000000000e+00	0.000000000000000000e+00	1.167541183204514673e+05	0.000000000000000000e+00
0.000000000000000000e+00	9.198874666413675004e+04	0.000000000000000000e+00	3.185706661000425462e+06	5.567908958871388808e+06	0.000000000000000000e+00	0.000000000000000000e+00	1.094701335660018522e+05	0.000000000000000000e+00
0.000000000000000000e+00	1.078663667699679936e+05	2.157327335399359872e+05	3.694688628387338482e+06	1.947452539304099744e+06	0.000000000000000000e+00	0.000000000000000000e+00	1.004750460722036078e+05	0.000000000000000000e+00
0.000000000000000000e+00	1.078663667699679936e+05	1.126627457026416378e+05	3.579638182144468650e+06	3.221669303186778445e+06	0.000000000000000000e+00	0.000000000000000000e+00	1.152285293938707327e+05	0.000000000000000000e+00
0.000000000000000000e+00	1.078663667699679936e+05	2.253254914052832755e+05	3.783008219336510636e+06	5.196726407089108601e+06	0.000000000000000000e+00	0.000000000000000000e+00	5.597337327956128138e+04	0.000000000000000000e+00
0.000000000000000000e+00	1.300917331181250047e+05	1.300917331181250047e+05	1.928861157169230748e+06	3.190435813590487931e+06	0.000000000000000000e+00	0.000000000000000000e+00	5.428871111500276311e+04	0.000000000000000000e+00
0.000000000000000000e+00	5.633137285132081888e+04	1.126627457026416378e+05	2.824287701200992800e+06	2.085994596235663397e+06	0.000000000000000000e+00	0.000000000000000000e+00	4.280815603125000052e+04	0.000000000000000000e+00
0.000000000000000000e+00	1.078663667699679936e+05	1.126627457026416378e+05	2.210403267612241209e+06	3.919815807424095925e+06	0.000000000000000000e+00	0.000000000000000000e+00	4.140802231427107472e+04	0.000000000000000000e+00
0.000000000000000000e+00	6.504586655906250235e+04	3.379882371079249424e+05	3.018107753762384411e+06	5.867235113024915569e+06	0.000000000000000000e+00	0.000000000000000000e+00	5.220907775584865885e+04	0.000000000000000000e+00
0.000000000000000000e+00	2.433793470898283122e+05	2.253254914052832755e+05	1.273716449676522287e+06	5.137776275416766293e+06	0.000000000000000000e+00	0.000000000000000000e+00	2.017995827985911819e+04	0.000000000000000000e+00
0.000000000000000000e+00	1.417641795129925886e+05	2.253254914052832755e+05	4.151190871475074906e+06	6.343339028650547378e+06	0.000000000000000000e+00	0.000000000000000000e+00	3.848215633725684165e+04	0.000000000000000000e+00
0.000000000000000000e+00	9.198874666413675004e+04	1.300917331181250047e+05	1.768247362695409916e+06	1.016455408859955147e+07	0.000000000000000000e+00	0.000000000000000000e+00	6.178825102038423211e+04	0.000000000000000000e+00
0.000000000000000000e+00	1.593291829468669312e+05	2.253254914052832755e+05	2.060015654804980848e+06	3.919279837529285811e+06	0.000000000000000000e+00	0.000000000000000000e+00	1.235765020407684460e+04	0.000000000000000000e+00
0.000000000000000000e+00	1.078663667699679936e+05	2.157327335399359872e+05	1.714327338368882425e+06	4.677767881078324281e+06	0.000000000000000000e+00	0.000000000000000000e+00	2.612450613317999523e+04	0.000000000000000000e+00
0.000000000000000000e+00	1.078663667699679936e+05	2.157327335399359872e+05	1.308132297258916544e+06	6.722361247604210861e+06	0.000000000000000000e+00	0.000000000000000000e+00	0.000000000000000000e+00	0.000000000000000000e+00
0.000000000000000000e+00	3.186583658937338623e+05	1.300917331181250047e+05	3.229809139500266872e+06	3.718870920694050379e+06	0.000000000000000000e+00	0.000000000000000000e+00	0.000000000000000000e+00	0.000000000000000000e+00
0.000000000000000000e+00	3.792793188644200563e+05	1.126627457026416378e+05	8.913226210791455815e+05	1.187989197066476569e+07	0.000000000000000000e+00	0.000000000000000000e+00	0.000000000000000000e+00	0.000000000000000000e+00
0.000000000000000000e+00	2.662116820690338500e+05	3.379882371079249424e+05	8.913226210791522171e+05	7.028418210642681457e+06	0.000000000000000000e+00	0.000000000000000000e+00	0.000000000000000000e+00	0.000000000000000000e+00
0.000000000000000000e+00	1.924082680621325271e+05	2.157327335399359872e+05	3.855679401777575724e+06	3.781609588896253146e+06	0.000000000000000000e+00	0.000000000000000000e+00	0.000000000000000000e+00	0.000000000000000000e+00
0.000000000000000000e+00	1.593291829468669312e+05	3.379882371079249424e+05	1.233456970142723294e+06	3.931232424468038604e+06	0.000000000000000000e+00	0.000000000000000000e+00	0.000000000000000000e+00	0.000000000000000000e+00
0.000000000000000000e+00	3.050921576199985575e+05	2.157327335399359872e+05	1.568875132235025521e+06	4.414050900644185953e+06	0.000000000000000000e+00	0.000000000000000000e+00	0.000000000000000000e+00	0.000000000000000000e+00
0.000000000000000000e+00	1.593291829468669312e+05	3.186583658937338623e+05	5.161604310517157428e+06	9.217012482272973284e+06	0.000000000000000000e+00	0.000000000000000000e+00	0.000000000000000000e+00	0.000000000000000000e+00
0.000000000000000000e+00	1.454469792814441025e+05	0.000000000000000000e+00	3.606730646070674062e+06	4.643511266795612872e+06	0.000000000000000000e+00	0.000000000000000000e+00	0.000000000000000000e+00	0.000000000000000000e+00
0.000000000000000000e+00	3.379882371079249424e+05	1.300917331181250047e+05	2.232158255520922132e+06	6.064890822384632193e+06	0.000000000000000000e+00	0.000000000000000000e+00	0.000000000000000000e+00	0.000000000000000000e+00
0.000000000000000000e+00	1.417641795129925886e+05	4.265342712210036116e+05	4.140199634200882632e+06	2.285889206267092843e+06	0.000000000000000000e+00	0.000000000000000000e+00	0.000000000000000000e+00	0.000000000000000000e+00
0.000000000000000000e+00	1.417641795129925886e+05	2.835283590259851771e+05	1.057569855624244083e+06	2.737792975121947471e+06	0.000000000000000000e+00	0.000000000000000000e+00	0.000000000000000000e+00	0.000000000000000000e+00
0.000000000000000000e+00	1.951375996771875070e+05	1.300917331181250047e+05	3.603051528144252952e+06	2.277603079975504894e+06	0.000000000000000000e+00	0.000000000000000000e+00	0.000000000000000000e+00	0.000000000000000000e+00
0.000000000000000000e+00	2.056930907060168101e+05	1.839774933282735001e+05	3.447954267372536007e+06	2.372474512631070800e+06	0.000000000000000000e+00	0.000000000000000000e+00	0.000000000000000000e+00	0.000000000000000000e+00
0.000000000000000000e+00	2.132671356105018349e+05	1.839774933282735001e+05	2.057974814044106519e+06	5.279079210104673170e+06	0.000000000000000000e+00	0.000000000000000000e+00	0.000000000000000000e+00	0.000000000000000000e+00
0.000000000000000000e+00	2.157327335399359872e+05	2.157327335399359872e+05	2.511490954145963304e+06	7.015154680366388522e+06	0.000000000000000000e+00	0.000000000000000000e+00	0.000000000000000000e+00	0.000000000000000000e+00
0.000000000000000000e+00	2.601834662362500094e+05	2.835283590259851771e+05	8.178210621123622404e+05	4.715192409792121500e+06	0.000000000000000000e+00	0.000000000000000000e+00	0.000000000000000000e+00	0.000000000000000000e+00
0.000000000000000000e+00	4.265342712210036116e+05	1.300917331181250047e+05	1.249709401146648917e+06	3.878329405874870718e+06	0.000000000000000000e+00	0.000000000000000000e+00	0.000000000000000000e+00	0.000000000000000000e+00
0.000000000000000000e+00	2.980776071509006433e+05	6.759764742158498848e+05	2.613184350524115842e+06	3.547132602836005855e+06	0.000000000000000000e+00	0.000000000000000000e+00	0.000000000000000000e+00	0.000000000000000000e+00
0.000000000000000000e+00	2.816568642566041090e+05	2.157327335399359872e+05	1.714123063312184764e+06	5.910874193270112388e+06	0.000000000000000000e+00	0.000000000000000000e+00	0.000000000000000000e+00	0.000000000000000000e+00
0.000000000000000000e+00	2.681909783328462509e+05	2.601834662362500094e+05	4.576017329228737392e+06	1.085302686719482765e+07	0.000000000000000000e+00	0.000000000000000000e+00	0.000000000000000000e+00	0.000000000000000000e+00
0.000000000000000000e+00	2.132671356105018058e+05	2.835283590259851771e+05	4.341599548996142112e+06	7.786483387757875957e+06	0.000000000000000000e+00	0.000000000000000000e+00	0.000000000000000000e+00	0.000000000000000000e+00
0.000000000000000000e+00	1.078663667699679936e+05	5.633137285132082179e+05	1.674022275106132962e+06	7.135503556130137295e+06	0.000000000000000000e+00	0.000000000000000000e+00	0.000000000000000000e+00	0.000000000000000000e+00
