# nm	H2O	CCl4	Na+	Cl-	DDC.C12	DDC.C11	DDC.C10	DDC.C9	DDC.C8	DDC.C7	DDC.C6	DDC.C5	DDC.C4	DDC.C3	DDC.C2	DDC.HG
# 
0.000000000000000000e+00	6.496049852557798931e-03	0.000000000000000000e+00	1.240904113710843614e-03	2.301555976510594875e-03	0.000000000000000000e+00	0.000000000000000000e+00	0.000000000000000000e+00	0.000000000000000000e+00	0.000000000000000000e+00	0.000000000000000000e+00	0.000000000000000000e+00	0.000000000000000000e+00	0.000000000000000000e+00	0.000000000000000000e+00	0.000000000000000000e+00	0.000000000000000000e+00
0.000000000000000000e+00	1.066548973583798798e-02	0.000000000000000000e+00	2.028143140793749102e-03	2.803391735448238463e-03	0.000000000000000000e+00	0.000000000000000000e+00	0.000000000000000000e+00	0.000000000000000000e+00	0.000000000000000000e+00	0.000000000000000000e+00	0.000000000000000000e+00	0.000000000000000000e+00	0.000000000000000000e+00	0.000000000000000000e+00	0.000000000000000000e+00	0.000000000000000000e+00
0.000000000000000000e+00	8.288891739234589828e-03	0.000000000000000000e+00	2.321614815644514225e-03	5.038427371893438624e-04	0.000000000000000000e+00	0.000000000000000000e+00	0.000000000000000000e+00	0.000000000000000000e+00	0.000000000000000000e+00	0.000000000000000000e+00	0.000000000000000000e+00	0.000000000000000000e+00	0.000000000000000000e+00	0.000000000000000000e+00	0.000000000000000000e+00	0.000000000000000000e+00
0.000000000000000000e+00	6.395011672246301085e-03	0.000000000000000000e+00	2.402398848092960476e-03	2.428135195202993195e-03	0.000000000000000000e+00	0.000000000000000000e+00	0.000000000000000000e+00	0.000000000000000000e+00	0.000000000000000000e+00	0.000000000000000000e+00	0.000000000000000000e+00	0.000000000000000000e+00	0.000000000000000000e+00	0.000000000000000000e+00	0.000000000000000000e+00	0.000000000000000000e+00
0.000000000000000000e+00	4.071407648026451054e-03	0.000000000000000000e+00	1.915121614075645249e-03	1.652599057620091245e-03	0.000000000000000000e+00	0.000000000000000000e+00	0.000000000000000000e+00	0.000000000000000000e+00	0.000000000000000000e+00	0.000000000000000000e+00	0.000000000000000000e+00	0.000000000000000000e+00	0.000000000000000000e+00	0.000000000000000000e+00	0.000000000000000000e+00	0.000000000000000000e+00
0.000000000000000000e+00	1.012266309029311723e-02	0.000000000000000000e+00	1.614996826747936440e-03	2.412840391372050516e-03	0.000000000000000000e+00	0.000000000000000000e+00	0.000000000000000000e+00	0.000000000000000000e+00	0.000000000000000000e+00	0.000000000000000000e+00	0.000000000000000000e+00	0.000000000000000000e+00	0.000000000000000000e+00	0.000000000000000000e+00	0.000000000000000000e+00	0.000000000000000000e+00
0.000000000000000000e+00	1.098951985108369278e-02	0.000000000000000000e+00	1.610308071903314864e-03	1.752016072130830942e-03	0.000000000000000000e+00	0.000000000000000000e+00	0.000000000000000000e+00	0.000000000000000000e+00	0.000000000000000000e+00	0.000000000000000000e+00	0.000000000000000000e+00	0.000000000000000000e+00	0.000000000000000000e+00	0.000000000000000000e+00	0.000000000000000000e+00	0.000000000000000000e+00
0.000000000000000000e+00	1.796345477026535650e-03	0.000000000000000000e+00	2.013175090168020914e-03	1.335420894072202047e-03	0.000000000000000000e+00	0.000000000000000000e+00	0.000000000000000000e+00	0.000000000000000000e+00	0.000000000000000000e+00	0.000000000000000000e+00	0.000000000000000000e+00	0.000000000000000000e+00	0.000000000000000000e+00	0.000000000000000000e+00	0.000000000000000000e+00	0.000000000000000000e+00
0.000000000000000000e+00	6.366605207049353364e-03	0.000000000000000000e+00	1.299727095268951235e-03	2.839754690925384503e-03	0.000000000000000000e+00	0.000000000000000000e+00	0.000000000000000000e+00	0.000000000000000000e+00	0.000000000000000000e+00	0.000000000000000000e+00	0.000000000000000000e+00	0.000000000000000000e+00	0.000000000000000000e+00	0.000000000000000000e+00	0.000000000000000000e+00	0.000000000000000000e+00
0.000000000000000000e+00	5.872297173398499832e-03	0.000000000000000000e+00	2.052558468850500424e-03	1.243549473922952358e-03	0.000000000000000000e+00	0.000000000000000000e+00	0.000000000000000000e+00	0.000000000000000000e+00	0.000000000000000000e+00	0.000000000000000000e+00	0.000000000000000000e+00	0.000000000000000000e+00	0.000000000000000000e+00	0.000000000000000000e+00	0.000000000000000000e+00	0.000000000000000000e+00
0.000000000000000000e+00	6.581896202684348746e-03	0.000000000000000000e+00	2.034055787879297719e-03	2.845336340858499371e-03	0.000000000000000000e+00	0.000000000000000000e+00	0.000000000000000000e+00	0.000000000000000000e+00	0.000000000000000000e+00	0.000000000000000000e+00	0.000000000000000000e+00	0.000000000000000000e+00	0.000000000000000000e+00	0.000000000000000000e+00	0.000000000000000000e+00	0.000000000000000000e+00
0.000000000000000000e+00	6.891934813603646862e-03	0.000000000000000000e+00	1.263635786698513340e-03	3.419703058634850946e-03	0.000000000000000000e+00	0.000000000000000000e+00	0.000000000000000000e+00	0.000000000000000000e+00	0.000000000000000000e+00	0.000000000000000000e+00	0.000000000000000000e+00	0.000000000000000000e+00	0.000000000000000000e+00	0.000000000000000000e+00	0.000000000000000000e+00	0.000000000000000000e+00
0.000000000000000000e+00	5.373842296717905656e-03	0.000000000000000000e+00	1.334842928185695984e-03	3.646048722013019942e-03	0.000000000000000000e+00	0.000000000000000000e+00	0.000000000000000000e+00	0.000000000000000000e+00	0.000000000000000000e+00	0.000000000000000000e+00	0.000000000000000000e+00	0.000000000000000000e+00	0.000000000000000000e+00	0.000000000000000000e+00	0.000000000000000000e+00	0.000000000000000000e+00
0.000000000000000000e+00	7.350574038652719390e-03	0.000000000000000000e+00	9.445830689604914300e-04	1.573920627423238718e-03	0.000000000000000000e+00	0.000000000000000000e+00	0.000000000000000000e+00	0.000000000000000000e+00	0.000000000000000000e+00	0.000000000000000000e+00	0.000000000000000000e+00	0.000000000000000000e+00	0.000000000000000000e+00	0.000000000000000000e+00	0.000000000000000000e+00	0.000000000000000000e+00
0.000000000000000000e+00	6.097918676732367975e-03	0.000000000000000000e+00	8.561567720100611914e-04	2.782182306619068474e-03	0.000000000000000000e+00	0.000000000000000000e+00	0.000000000000000000e+00	0.000000000000000000e+00	0.000000000000000000e+00	0.000000000000000000e+00	0.000000000000000000e+00	0.000000000000000000e+00	0.000000000000000000e+00	0.000000000000000000e+00	0.000000000000000000e+00	0.000000000000000000e+00
0.000000000000000000e+00	3.986985862127088651e-03	0.000000000000000000e+00	1.324473110484234882e-03	2.186062100989424623e-03	0.000000000000000000e+00	0.000000000000000000e+00	0.000000000000000000e+00	0.000000000000000000e+00	0.000000000000000000e+00	0.000000000000000000e+00	0.000000000000000000e+00	0.000000000000000000e+00	0.000000000000000000e+00	0.000000000000000000e+00	0.000000000000000000e+00	0.000000000000000000e+00
0.000000000000000000e+00	6.513298200229192432e-03	0.000000000000000000e+00	2.468690660953384852e-03	1.846086939654433294e-03	0.000000000000000000e+00	0.000000000000000000e+00	0.000000000000000000e+00	0.000000000000000000e+00	0.000000000000000000e+00	0.000000000000000000e+00	0.000000000000000000e+00	0.000000000000000000e+00	0.000000000000000000e+00	0.000000000000000000e+00	0.000000000000000000e+00	0.000000000000000000e+00
0.000000000000000000e+00	1.232651135610312795e-02	0.000000000000000000e+00	8.623683898913575563e-04	1.605854645650017050e-03	0.000000000000000000e+00	0.000000000000000000e+00	0.000000000000000000e+00	0.000000000000000000e+00	0.000000000000000000e+00	0.000000000000000000e+00	0.000000000000000000e+00	0.000000000000000000e+00	0.000000000000000000e+00	0.000000000000000000e+00	0.000000000000000000e+00	0.000000000000000000e+00
0.000000000000000000e+00	5.452484867556743955e-03	0.000000000000000000e+00	1.534789010019914747e-03	3.455090319667860829e-03	0.000000000000000000e+00	0.000000000000000000e+00	0.000000000000000000e+00	0.000000000000000000e+00	0.000000000000000000e+00	0.000000000000000000e+00	0.000000000000000000e+00	0.000000000000000000e+00	0.000000000000000000e+00	0.000000000000000000e+00	0.000000000000000000e+00	0.000000000000000000e+00
0.000000000000000000e+00	1.225234629216302544e-02	0.000000000000000000e+00	2.470131601196288041e-03	1.480417660537934176e-03	0.000000000000000000e+00	0.000000000000000000e+00	0.000000000000000000e+00	0.000000000000000000e+00	0.000000000000000000e+00	0.000000000000000000e+00	0.000000000000000000e+00	0.000000000000000000e+00	0.000000000000000000e+00	0.000000000000000000e+00	0.000000000000000000e+00	0.000000000000000000e+00
0.000000000000000000e+00	1.366971491597698124e-03	7.966453160259728470e-05	5.157334312989621380e-04	8.678194481926508868e-04	0.000000000000000000e+00	0.000000000000000000e+00	0.000000000000000000e+00	0.000000000000000000e+00	0.000000000000000000e+00	0.000000000000000000e+00	0.000000000000000000e+00	0.000000000000000000e+00	0.000000000000000000e+00	0.000000000000000000e+00	0.000000000000000000e+00	0.000000000000000000e+00
0.000000000000000000e+00	7.651640323631571546e-03	0.000000000000000000e+00	2.101384752711250078e-03	2.611571353787279885e-03	0.000000000000000000e+00	0.000000000000000000e+00	0.000000000000000000e+00	0.000000000000000000e+00	0.000000000000000000e+00	0.000000000000000000e+00	0.000000000000000000e+00	0.000000000000000000e+00	0.000000000000000000e+00	0.000000000000000000e+00	0.000000000000000000e+00	0.000000000000000000e+00
0.000000000000000000e+00	4.529017092231809628e-03	0.000000000000000000e+00	1.768285375071934748e-03	2.054356590512394862e-03	0.000000000000000000e+00	0.000000000000000000e+00	0.000000000000000000e+00	0.000000000000000000e+00	0.000000000000000000e+00	0.000000000000000000e+00	0.000000000000000000e+00	0.000000000000000000e+00	0.000000000000000000e+00	0.000000000000000000e+00	0.000000000000000000e+00	0.000000000000000000e+00
0.000000000000000000e+00	5.785644533618189943e-03	7.966453160259728470e-05	2.279857136525847636e-03	2.635760552066811549e-03	0.000000000000000000e+00	0.000000000000000000e+00	0.000000000000000000e+00	0.000000000000000000e+00	0.000000000000000000e+00	0.000000000000000000e+00	0.000000000000000000e+00	0.000000000000000000e+00	0.000000000000000000e+00	0.000000000000000000e+00	0.000000000000000000e+00	0.000000000000000000e+00
0.000000000000000000e+00	4.822763719891119683e-03	7.966453160259728470e-05	1.762238214442941224e-03	4.358312485723739478e-03	0.000000000000000000e+00	0.000000000000000000e+00	0.000000000000000000e+00	0.000000000000000000e+00	0.000000000000000000e+00	0.000000000000000000e+00	0.000000000000000000e+00	0.000000000000000000e+00	0.000000000000000000e+00	0.000000000000000000e+00	0.000000000000000000e+00	0.000000000000000000e+00
0.000000000000000000e+00	1.243113089752621164e-02	1.593290632051945694e-04	1.008794492581149404e-03	1.579287806264665891e-03	0.000000000000000000e+00	0.000000000000000000e+00	0.000000000000000000e+00	0.000000000000000000e+00	0.000000000000000000e+00	0.000000000000000000e+00	0.000000000000000000e+00	0.000000000000000000e+00	0.000000000000000000e+00	0.000000000000000000e+00	0.000000000000000000e+00	0.000000000000000000e+00
0.000000000000000000e+00	6.744230011740405019e-03	1.593290632051945694e-04	9.450538305491293150e-04	2.075359161234432634e-03	0.000000000000000000e+00	0.000000000000000000e+00	0.000000000000000000e+00	0.000000000000000000e+00	0.000000000000000000e+00	0.000000000000000000e+00	0.000000000000000000e+00	0.000000000000000000e+00	0.000000000000000000e+00	0.000000000000000000e+00	0.000000000000000000e+00	0.000000000000000000e+00
0.000000000000000000e+00	1.458025362716806016e-02	1.593290632051945694e-04	2.315476011799683532e-03	2.389493326359504871e-03	0.000000000000000000e+00	0.000000000000000000e+00	0.000000000000000000e+00	0.000000000000000000e+00	0.000000000000000000e+00	0.000000000000000000e+00	0.000000000000000000e+00	0.000000000000000000e+00	0.000000000000000000e+00	0.000000000000000000e+00	0.000000000000000000e+00	0.000000000000000000e+00
0.000000000000000000e+00	5.899937332100077536e-03	2.659830960045637461e-04	2.176045256701329179e-03	2.444199921554595853e-03	0.000000000000000000e+00	0.000000000000000000e+00	0.000000000000000000e+00	0.000000000000000000e+00	0.000000000000000000e+00	0.000000000000000000e+00	0.000000000000000000e+00	0.000000000000000000e+00	0.000000000000000000e+00	0.000000000000000000e+00	0.000000000000000000e+00	0.000000000000000000e+00
0.000000000000000000e+00	1.237288962681114528e-03	2.389935948077918676e-04	1.483806577752753682e-03	2.442035188226218852e-03	0.000000000000000000e+00	0.000000000000000000e+00	0.000000000000000000e+00	0.000000000000000000e+00	0.000000000000000000e+00	0.000000000000000000e+00	0.000000000000000000e+00	0.000000000000000000e+00	0.000000000000000000e+00	0.000000000000000000e+00	0.000000000000000000e+00	0.000000000000000000e+00
0.000000000000000000e+00	1.020734617268381599e-02	2.929725972013357059e-04	1.300069263787520957e-03	4.418330232524354632e-03	0.000000000000000000e+00	0.000000000000000000e+00	0.000000000000000000e+00	0.000000000000000000e+00	0.000000000000000000e+00	0.000000000000000000e+00	0.000000000000000000e+00	0.000000000000000000e+00	0.000000000000000000e+00	0.000000000000000000e+00	0.000000000000000000e+00	0.000000000000000000e+00
0.000000000000000000e+00	3.925597306860944928e-03	2.929725972013357059e-04	2.365080660689244940e-03	2.273814231880522899e-03	0.000000000000000000e+00	0.000000000000000000e+00	0.000000000000000000e+00	0.000000000000000000e+00	0.000000000000000000e+00	0.000000000000000000e+00	0.000000000000000000e+00	0.000000000000000000e+00	0.000000000000000000e+00	0.000000000000000000e+00	0.000000000000000000e+00	0.000000000000000000e+00
0.000000000000000000e+00	1.327299784713496800e-02	3.186581264103891930e-04	2.588308354550443793e-03	2.198125221488639053e-03	0.000000000000000000e+00	0.000000000000000000e+00	0.000000000000000000e+00	0.000000000000000000e+00	0.000000000000000000e+00	0.000000000000000000e+00	0.000000000000000000e+00	0.000000000000000000e+00	0.000000000000000000e+00	0.000000000000000000e+00	0.000000000000000000e+00	0.000000000000000000e+00
0.000000000000000000e+00	6.914837379225624928e-03	1.066540327993692309e-04	1.864519663590649256e-03	2.776092707401612517e-03	0.000000000000000000e+00	0.000000000000000000e+00	0.000000000000000000e+00	0.000000000000000000e+00	0.000000000000000000e+00	0.000000000000000000e+00	0.000000000000000000e+00	0.000000000000000000e+00	0.000000000000000000e+00	0.000000000000000000e+00	0.000000000000000000e+00	0.000000000000000000e+00
0.000000000000000000e+00	5.871670330287621746e-03	7.966453160259728470e-05	9.783535518340699243e-04	3.345594183279721173e-03	0.000000000000000000e+00	0.000000000000000000e+00	0.000000000000000000e+00	0.000000000000000000e+00	0.000000000000000000e+00	0.000000000000000000e+00	0.000000000000000000e+00	0.000000000000000000e+00	0.000000000000000000e+00	0.000000000000000000e+00	0.000000000000000000e+00	0.000000000000000000e+00
0.000000000000000000e+00	2.944902080050728743e-03	7.439702856201475898e-04	7.656537212821443996e-04	2.455856509425305076e-03	0.000000000000000000e+00	0.000000000000000000e+00	0.000000000000000000e+00	0.000000000000000000e+00	0.000000000000000000e+00	0.000000000000000000e+00	0.000000000000000000e+00	0.000000000000000000e+00	0.000000000000000000e+00	0.000000000000000000e+00	0.000000000000000000e+00	0.000000000000000000e+00
0.000000000000000000e+00	9.058647374705722580e-03	6.656097260052687642e-04	2.028143140793749535e-03	1.795547353453619439e-03	0.000000000000000000e+00	0.000000000000000000e+00	0.000000000000000000e+00	0.000000000000000000e+00	0.000000000000000000e+00	0.000000000000000000e+00	0.000000000000000000e+00	0.000000000000000000e+00	0.000000000000000000e+00	0.000000000000000000e+00	0.000000000000000000e+00	0.000000000000000000e+00
0.000000000000000000e+00	4.759013911125545976e-03	4.523016604065303566e-04	2.028800952522207685e-03	4.075368349894525032e-03	0.000000000000000000e+00	0.000000000000000000e+00	0.000000000000000000e+00	0.000000000000000000e+00	0.000000000000000000e+00	0.000000000000000000e+00	0.000000000000000000e+00	0.000000000000000000e+00	0.000000000000000000e+00	0.000000000000000000e+00	0.000000000000000000e+00	0.000000000000000000e+00
0.000000000000000000e+00	1.405609954673458064e-03	5.049766908123556408e-04	1.746264788315659037e-03	7.859516053538071314e-04	0.000000000000000000e+00	0.000000000000000000e+00	0.000000000000000000e+00	0.000000000000000000e+00	0.000000000000000000e+00	0.000000000000000000e+00	0.000000000000000000e+00	0.000000000000000000e+00	0.000000000000000000e+00	0.000000000000000000e+00	0.000000000000000000e+00	0.000000000000000000e+00
0.000000000000000000e+00	6.112161891190428381e-03	5.846412224149529933e-04	1.549498401801270922e-03	2.980773831347442639e-03	0.000000000000000000e+00	0.000000000000000000e+00	0.000000000000000000e+00	0.000000000000000000e+00	0.000000000000000000e+00	0.000000000000000000e+00	0.000000000000000000e+00	0.000000000000000000e+00	0.000000000000000000e+00	0.000000000000000000e+00	0.000000000000000000e+00	0.000000000000000000e+00
0.000000000000000000e+00	1.720078608194233402e-02	3.983226580129864912e-04	5.087872093609640232e-04	4.921824082784300239e-03	0.000000000000000000e+00	0.000000000000000000e+00	0.000000000000000000e+00	0.000000000000000000e+00	0.000000000000000000e+00	0.000000000000000000e+00	0.000000000000000000e+00	0.000000000000000000e+00	0.000000000000000000e+00	0.000000000000000000e+00	0.000000000000000000e+00	0.000000000000000000e+00
0.000000000000000000e+00	1.860691721284968292e-02	6.373162528207782776e-04	1.556372365610155092e-03	3.450188610769963984e-03	0.000000000000000000e+00	0.000000000000000000e+00	0.000000000000000000e+00	0.000000000000000000e+00	0.000000000000000000e+00	0.000000000000000000e+00	0.000000000000000000e+00	0.000000000000000000e+00	0.000000000000000000e+00	0.000000000000000000e+00	0.000000000000000000e+00	0.000000000000000000e+00
0.000000000000000000e+00	2.541863823484961319e-03	8.236348172227449423e-04	1.404024119014111961e-03	4.583769125880318880e-03	0.000000000000000000e+00	0.000000000000000000e+00	0.000000000000000000e+00	0.000000000000000000e+00	0.000000000000000000e+00	0.000000000000000000e+00	0.000000000000000000e+00	0.000000000000000000e+00	0.000000000000000000e+00	0.000000000000000000e+00	0.000000000000000000e+00	0.000000000000000000e+00
0.000000000000000000e+00	9.200559604979828901e-03	1.038246854809201768e-03	2.033399676108706318e-03	2.611571353787279018e-03	0.000000000000000000e+00	0.000000000000000000e+00	0.000000000000000000e+00	0.000000000000000000e+00	0.000000000000000000e+00	0.000000000000000000e+00	0.000000000000000000e+00	0.000000000000000000e+00	0.000000000000000000e+00	0.000000000000000000e+00	0.000000000000000000e+00	0.000000000000000000e+00
0.000000000000000000e+00	1.194926270659004384e-02	6.912952552143220887e-04	1.713092635685829323e-03	2.277532655021722707e-03	0.000000000000000000e+00	0.000000000000000000e+00	0.000000000000000000e+00	0.000000000000000000e+00	0.000000000000000000e+00	0.000000000000000000e+00	0.000000000000000000e+00	0.000000000000000000e+00	0.000000000000000000e+00	0.000000000000000000e+00	0.000000000000000000e+00	0.000000000000000000e+00
0.000000000000000000e+00	5.453099842228749730e-03	1.009953381624711499e-03	2.597400097612983811e-03	3.179602976720478924e-03	0.000000000000000000e+00	0.000000000000000000e+00	0.000000000000000000e+00	0.000000000000000000e+00	0.000000000000000000e+00	0.000000000000000000e+00	0.000000000000000000e+00	0.000000000000000000e+00	0.000000000000000000e+00	0.000000000000000000e+00	0.000000000000000000e+00	0.000000000000000000e+00
0.000000000000000000e+00	5.567687717451104586e-03	1.223261447223449689e-03	1.307914433526334921e-03	4.478960732050786021e-03	0.000000000000000000e+00	0.000000000000000000e+00	0.000000000000000000e+00	0.000000000000000000e+00	0.000000000000000000e+00	0.000000000000000000e+00	0.000000000000000000e+00	0.000000000000000000e+00	0.000000000000000000e+00	0.000000000000000000e+00	0.000000000000000000e+00	0.000000000000000000e+00
0.000000000000000000e+00	3.971448573128161068e-03	7.439702856201475898e-04	2.598084975699404154e-03	4.006262682216610478e-03	0.000000000000000000e+00	0.000000000000000000e+00	0.000000000000000000e+00	0.000000000000000000e+00	0.000000000000000000e+00	0.000000000000000000e+00	0.000000000000000000e+00	0.000000000000000000e+00	0.000000000000000000e+00	0.000000000000000000e+00	0.000000000000000000e+00	0.000000000000000000e+00
0.000000000000000000e+00	8.869103240810008795e-03	1.462255042031241747e-03	1.612516243076967445e-03	2.955113894819394460e-03	0.000000000000000000e+00	0.000000000000000000e+00	0.000000000000000000e+00	0.000000000000000000e+00	0.000000000000000000e+00	0.000000000000000000e+00	0.000000000000000000e+00	0.000000000000000000e+00	0.000000000000000000e+00	0.000000000000000000e+00	0.000000000000000000e+00	6.884225740433648206e-05
0.000000000000000000e+00	7.446113660157674050e-03	9.302888500221141461e-04	2.369589874813049328e-03	1.693066541500949131e-03	0.000000000000000000e+00	0.000000000000000000e+00	0.000000000000000000e+00	0.000000000000000000e+00	0.000000000000000000e+00	0.000000000000000000e+00	0.000000000000000000e+00	0.000000000000000000e+00	0.000000000000000000e+00	0.000000000000000000e+00	0.000000000000000000e+00	8.302688637499999638e-05
0.000000000000000000e+00	1.138948986295422808e-02	1.543223545621557734e-03	2.169494588196065749e-03	3.150192521117219698e-03	0.000000000000000000e+00	0.000000000000000000e+00	0.000000000000000000e+00	0.000000000000000000e+00	0.000000000000000000e+00	0.000000000000000000e+00	0.000000000000000000e+00	0.000000000000000000e+00	0.000000000000000000e+00	0.000000000000000000e+00	0.000000000000000000e+00	9.047645182636475326e-05
0.000000000000000000e+00	5.560611395725935553e-03	1.275936477629274974e-03	1.692456932807727280e-03	2.680329710700177052e-03	0.000000000000000000e+00	0.000000000000000000e+00	0.000000000000000000e+00	0.000000000000000000e+00	0.000000000000000000e+00	0.000000000000000000e+00	0.000000000000000000e+00	0.000000000000000000e+00	0.000000000000000000e+00	0.000000000000000000e+00	2.264906988283597698e-06	1.660537727499999928e-04
0.000000000000000000e+00	1.154891640607734297e-02	1.437873484809906732e-03	1.569179888199301841e-03	8.859135300009287782e-04	0.000000000000000000e+00	0.000000000000000000e+00	0.000000000000000000e+00	0.000000000000000000e+00	0.000000000000000000e+00	0.000000000000000000e+00	0.000000000000000000e+00	0.000000000000000000e+00	0.000000000000000000e+00	0.000000000000000000e+00	2.264906988283597698e-06	1.788867376815222391e-04
0.000000000000000000e+00	7.869698648114082859e-03	1.594594604039664600e-03	2.077329208853852770e-03	2.527178604735423779e-03	0.000000000000000000e+00	0.000000000000000000e+00	0.000000000000000000e+00	0.000000000000000000e+00	0.000000000000000000e+00	0.000000000000000000e+00	0.000000000000000000e+00	0.000000000000000000e+00	0.000000000000000000e+00	0.000000000000000000e+00	6.406124360688530868e-06	2.355211987305645129e-04
0.000000000000000000e+00	1.090717664935259013e-02	1.170586416817624405e-03	2.021993244900547465e-03	3.496477411346569225e-03	0.000000000000000000e+00	0.000000000000000000e+00	0.000000000000000000e+00	0.000000000000000000e+00	0.000000000000000000e+00	0.000000000000000000e+00	0.000000000000000000e+00	0.000000000000000000e+00	0.000000000000000000e+00	0.000000000000000000e+00	6.794720964850793517e-06	2.467003067084689856e-04
0.000000000000000000e+00	7.739762832404029243e-03	7.182847564110942653e-04	1.864281096682427006e-03	2.563746061859352703e-03	0.000000000000000000e+00	0.000000000000000000e+00	0.000000000000000000e+00	0.000000000000000000e+00	0.000000000000000000e+00	0.000000000000000000e+00	0.000000000000000000e+00	0.000000000000000000e+00	0.000000000000000000e+00	0.000000000000000000e+00	3.309820826197493361e-05	4.700762638574892873e-04
0.000000000000000000e+00	6.100457185012995477e-03	7.722637588046379680e-04	1.671034237662213972e-03	1.683040892781334334e-03	0.000000000000000000e+00	0.000000000000000000e+00	0.000000000000000000e+00	0.000000000000000000e+00	0.000000000000000000e+00	0.000000000000000000e+00	0.000000000000000000e+00	0.000000000000000000e+00	0.000000000000000000e+00	0.000000000000000000e+00	3.831403613818991312e-05	1.999183190279957452e-04
0.000000000000000000e+00	5.570617497261190487e-03	6.912952552143223055e-04	1.875935196752994989e-03	2.766933179410864703e-03	2.264906988283598121e-06	0.000000000000000000e+00	0.000000000000000000e+00	0.000000000000000000e+00	0.000000000000000000e+00	0.000000000000000000e+00	0.000000000000000000e+00	0.000000000000000000e+00	0.000000000000000000e+00	2.615289318749999582e-06	3.846628529456384599e-05	5.168262331527742831e-04
0.000000000000000000e+00	6.307765727945606471e-03	1.196271946026677838e-03	2.099478926474012633e-03	2.754673099475350283e-03	0.000000000000000000e+00	0.000000000000000000e+00	0.000000000000000000e+00	0.000000000000000000e+00	0.000000000000000000e+00	0.000000000000000000e+00	0.000000000000000000e+00	0.000000000000000000e+00	0.000000000000000000e+00	2.615289318749999582e-06	1.129503634845642192e-04	4.367647526849598454e-04
0.000000000000000000e+00	6.832426874721462748e-03	1.062628412030536783e-03	1.516128267422397211e-03	1.539264987682602628e-03	0.000000000000000000e+00	0.000000000000000000e+00	0.000000000000000000e+00	0.000000000000000000e+00	0.000000000000000000e+00	0.000000000000000000e+00	0.000000000000000000e+00	0.000000000000000000e+00	2.264906988283598121e-06	2.615289318749999582e-06	1.258601699172361425e-04	7.098161408946779185e-04
0.000000000000000000e+00	4.847885643737882139e-03	6.643057540175503458e-04	2.449336594533524283e-03	2.698813606085273108e-03	0.000000000000000000e+00	0.000000000000000000e+00	0.000000000000000000e+00	0.000000000000000000e+00	0.000000000000000000e+00	0.000000000000000000e+00	0.000000000000000000e+00	2.264906988283598121e-06	2.264906988283598121e-06	9.785516598051925680e-06	7.616761424340265992e-05	7.080868847016328314e-04
0.000000000000000000e+00	5.278467930411814661e-03	1.221957475235731488e-03	1.890813495813008574e-03	9.778530552778147596e-04	2.615289318749999582e-06	0.000000000000000000e+00	0.000000000000000000e+00	0.000000000000000000e+00	0.000000000000000000e+00	0.000000000000000000e+00	0.000000000000000000e+00	0.000000000000000000e+00	0.000000000000000000e+00	5.723333781707886129e-05	8.472167374732675945e-05	9.786249555578795545e-04
0.000000000000000000e+00	1.088901345882245866e-02	1.169282444829905987e-03	3.852012728292291636e-03	1.918024589563184241e-03	2.698950119677192590e-05	0.000000000000000000e+00	0.000000000000000000e+00	0.000000000000000000e+00	0.000000000000000000e+00	0.000000000000000000e+00	0.000000000000000000e+00	2.264906988283598121e-06	2.264906988283598121e-06	6.244584462102760751e-05	1.147402340028634484e-04	9.733065747443617579e-04
0.000000000000000000e+00	1.497632065196042965e-02	6.373162528207782776e-04	3.328733219541823909e-03	3.552001962242829197e-03	6.406124360688530868e-06	0.000000000000000000e+00	0.000000000000000000e+00	0.000000000000000000e+00	0.000000000000000000e+00	0.000000000000000000e+00	0.000000000000000000e+00	0.000000000000000000e+00	4.336966694258966594e-06	5.361334903762045116e-05	1.939788582692211067e-04	1.411142475025532360e-03
0.000000000000000000e+00	1.125021421811655403e-02	8.274852124062495812e-04	3.900207791362559837e-03	1.433961568846750826e-03	2.264906988283598121e-06	0.000000000000000000e+00	0.000000000000000000e+00	0.000000000000000000e+00	0.000000000000000000e+00	0.000000000000000000e+00	0.000000000000000000e+00	1.132453494141798891e-05	2.782652424869781557e-05	1.444278300507450478e-04	1.149685059400533220e-04	1.059378640533113671e-03
0.000000000000000000e+00	7.332139176078861231e-03	4.253121592097583968e-04	2.611574515495786435e-03	2.428570774217206959e-03	4.336966694258966594e-06	2.264906988283598121e-06	0.000000000000000000e+00	0.000000000000000000e+00	0.000000000000000000e+00	0.000000000000000000e+00	2.264906988283598121e-06	3.127880710763962751e-05	2.554102558823786971e-05	1.882611583729686621e-04	2.990560146874894425e-05	1.675171414436628717e-03
0.000000000000000000e+00	5.205206450609061765e-03	9.619536614716528260e-04	2.768487299382246455e-03	1.720950573921837309e-03	3.008525459890678733e-05	2.615289318749999582e-06	0.000000000000000000e+00	2.264906988283598121e-06	0.000000000000000000e+00	4.529813976567196243e-06	0.000000000000000000e+00	6.794720964850795211e-06	4.036069277044430892e-05	1.237362955578146548e-04	3.676387260848540178e-04	8.849240958382411379e-04
0.000000000000000000e+00	7.465737117264639039e-03	8.019090983671255980e-04	1.492474269720047439e-03	3.004454982179687126e-03	1.132453494141798891e-05	2.264906988283598121e-06	0.000000000000000000e+00	0.000000000000000000e+00	0.000000000000000000e+00	0.000000000000000000e+00	4.336966694258966594e-06	2.857932573672439643e-05	7.763358995739530748e-05	2.017765326828832909e-04	2.854070087131366576e-04	2.502206538974681600e-03
0.000000000000000000e+00	8.780650600296582495e-03	5.631178240677584988e-04	2.138104852658167642e-03	1.642326392064324091e-03	5.723333781707886129e-05	3.252505162630988040e-05	0.000000000000000000e+00	0.000000000000000000e+00	0.000000000000000000e+00	2.264906988283597698e-06	2.615289318749999582e-06	5.699890924276291935e-06	9.659473072468853906e-05	1.635756200260020897e-04	3.749451104215481079e-04	1.894344982399917120e-03
0.000000000000000000e+00	2.976480823318798652e-03	2.389935948077918676e-04	3.238794742434950458e-03	1.519206307763826518e-03	3.428254009620102693e-05	5.699890924276291088e-06	0.000000000000000000e+00	2.264906988283598121e-06	2.264906988283597698e-06	2.615289318749999582e-06	0.000000000000000000e+00	1.505211286185367239e-04	7.811820492846453779e-05	1.361265954985918752e-04	1.968034149147711125e-04	2.612456985645377362e-03
0.000000000000000000e+00	6.979487900045403155e-03	3.532892196356087031e-04	2.092688598838380026e-03	2.166621411655211306e-03	3.059260563648964315e-05	3.151931517333912892e-05	2.264906988283597698e-06	2.264906988283598121e-06	0.000000000000000000e+00	6.794720964850795211e-06	2.583500421943802714e-05	6.667253546850520371e-05	1.291115452455896223e-04	1.808586363761085429e-04	2.841171685473639088e-04	1.609843917043053598e-03
0.000000000000000000e+00	5.322944331091901751e-03	6.552032775007347746e-04	1.088124823685351038e-03	2.125714836935658700e-03	4.972480844165825636e-05	3.513642487113070618e-05	2.264906988283598121e-06	2.615289318749999582e-06	2.264906988283598121e-06	5.779331027014896984e-05	3.170872000314598019e-05	6.987839004217674958e-05	2.104831657660799233e-04	2.545795540428400926e-04	4.706642766808963253e-04	1.756175447324703764e-03
0.000000000000000000e+00	4.707749717810339601e-03	6.057362293071201151e-04	3.191203508140878428e-03	1.528230687798714030e-03	5.456183762107940505e-05	8.574799465483390386e-06	0.000000000000000000e+00	2.857932573672439643e-05	2.264906988283598121e-06	5.230578637499999163e-06	2.880286912243723034e-05	9.058975692676292282e-05	2.246620846305373445e-04	7.547958419698604766e-05	6.250236692007894506e-04	3.492674910633362419e-03
0.000000000000000000e+00	7.015392266182047393e-03	8.062800696261066772e-04	1.698490666500827818e-03	2.606300770506349892e-03	9.148358572458460236e-05	3.151931517333912214e-05	2.264906988283597698e-06	2.615289318749999582e-06	2.360422769681333181e-05	5.418445990562633334e-05	6.257123042986783526e-05	3.846628529456384599e-05	1.943428572313462546e-04	2.288602981958915642e-04	5.230347170222311064e-04	3.117334932878688177e-03
0.000000000000000000e+00	4.882634224263434491e-03	3.114854095717001399e-04	2.497351503989806137e-03	1.717874699123736427e-03	1.095494309859566578e-04	5.212296919815207288e-05	2.615289318749999582e-06	2.782652424869781218e-05	2.698950119677193268e-05	3.391473567520773803e-05	1.016661671424379097e-04	1.205584519352192487e-04	2.222388407421771125e-04	3.140741566200095118e-04	6.772518336088676144e-04	2.340804439430012058e-03
0.000000000000000000e+00	8.216588987717543535e-03	6.564284439926136409e-04	1.636609501206071895e-03	1.933951194556147177e-03	4.343516288841546341e-05	3.216373203347044516e-05	2.925440818505552741e-05	2.724174464479265105e-05	4.748535764985513591e-05	1.052794197440241989e-04	1.060562527645068372e-04	1.160931444299576461e-04	2.634220622950848617e-04	2.917735282448768227e-04	6.994465747525345717e-04	3.230798989653207477e-03
0.000000000000000000e+00	5.161077294039769121e-03	6.327292004117231932e-04	2.380638719855115212e-03	1.797902170666760332e-03	9.301767199433492734e-05	7.439041853206074500e-05	2.987619273182213307e-05	3.234484880363282255e-05	3.846628529456383921e-05	3.216373203347044516e-05	1.320420226402627595e-04	2.306970558687423348e-04	2.407312859700043732e-04	3.000697180924633434e-04	1.011171406738287743e-03	3.230915788363093993e-03
0.000000000000000000e+00	7.110194305620351311e-03	7.025834458399370227e-04	4.085458747723933262e-03	2.016944842748715980e-03	8.501342285953847572e-05	8.769663618698050553e-05	8.784112397255699372e-05	2.554102558823787648e-05	4.253681187021633302e-05	1.266707902575966169e-04	6.611022445526392073e-05	1.419417492464851687e-04	2.059163713559256635e-04	3.631753963966906232e-04	5.398052248054304282e-04	3.669612678394830376e-03
0.000000000000000000e+00	1.463622163272607947e-02	3.537961210515923327e-04	1.877594163204076346e-03	1.660898815348828880e-03	1.826938800628744844e-04	1.069685206624767794e-04	2.726273052358410350e-05	3.234484880363282255e-05	8.923645949404793783e-05	7.066110186421231654e-05	8.881690843066539296e-05	2.610115932465383861e-04	4.202625449613869662e-04	6.181567907187388803e-04	1.355662516710380528e-03	4.344476565710976221e-03
0.000000000000000000e+00	7.214750047086222751e-03	9.456647449103291981e-04	4.196414827871959227e-03	1.795547353453620524e-03	1.345240184754243576e-04	6.999668055236337707e-05	7.032366291130195328e-05	7.407933129337010403e-05	9.797735292316615591e-05	8.006927486271159299e-05	1.420651631651220412e-04	1.859305663566426857e-04	3.456791622578820385e-04	7.021494218713874354e-04	9.081382080933594501e-04	3.945059432204560228e-03
0.000000000000000000e+00	8.493642346550053443e-03	1.171497859569699349e-03	2.562922857467198404e-03	1.513626100449348396e-03	7.394840182594232937e-05	1.243995427524116713e-04	1.472754104887648752e-04	6.282144997151207773e-05	1.709599045434838035e-04	1.125635219745342873e-04	2.165928123727371029e-04	2.751128741809809580e-04	4.019579857652426412e-04	6.968165539887052288e-04	1.208692030846199219e-03	4.089491509650549847e-03
0.000000000000000000e+00	6.984695004716609014e-03	1.507453083967905940e-03	3.036946802976515578e-03	2.586747128115660359e-03	1.315897221329476402e-04	1.016182388454955210e-04	1.146880360098220472e-04	1.107700194561790435e-04	1.112191370730872627e-04	1.388485422347245242e-04	2.329230960827642822e-04	2.475785993123656107e-04	3.381346437775077825e-04	6.025966913314935187e-04	1.246010044135725976e-03	2.310157198403731561e-03
0.000000000000000000e+00	6.837294288629887189e-03	5.670562918882357225e-04	4.890949365250027610e-03	2.034177305998845046e-03	1.945502156725366865e-05	9.859783541992695355e-05	9.742314765294666471e-05	1.136423156445711568e-04	1.663024066041308524e-04	1.037744943095854100e-04	2.223447355929236474e-04	2.834193583357933074e-04	2.971727151634820439e-04	6.229223338424010265e-04	9.629136352623990282e-04	3.662715745807740200e-03
0.000000000000000000e+00	5.550459186189744820e-03	3.951042015601564407e-04	3.668431789662912959e-03	2.161244565119703736e-03	1.377586480330608926e-04	2.397670010845243127e-04	1.796795554924810866e-04	1.147353567482295683e-04	2.064839831088171001e-04	2.291036519839187630e-04	3.505008135477670310e-04	3.754976061673365130e-04	8.707873156980676594e-04	1.021505009573658949e-03	7.116662071458351117e-04	1.868750597542899461e-03
0.000000000000000000e+00	1.454109124695499890e-02	1.496000547819334317e-03	3.476190167358967926e-03	1.582633050017816234e-03	2.867815511560854562e-04	8.474533759375460322e-05	9.471008180835611620e-05	1.036199314698642651e-04	8.306754426183434099e-05	1.972120152564583908e-04	4.566152683021729641e-04	3.446142008642233434e-04	6.878155559532436606e-04	1.502487827737323828e-03	8.468358275794278306e-04	2.763810409296775083e-03
0.000000000000000000e+00	7.751878233065175039e-03	1.459802989545529129e-03	3.512340462536507439e-03	2.335769862999812797e-03	8.470517258570477040e-05	1.740165500161374888e-04	1.209903275079721771e-04	1.070995400952512769e-04	2.063595373516641761e-04	3.272619834992707079e-04	4.106529340393131364e-04	6.719420290782208679e-04	8.968986651516578507e-04	1.299484620108113785e-03	1.326952344066433063e-03	2.751295259510376252e-03
0.000000000000000000e+00	8.857847766608287557e-03	1.491469486305064618e-03	2.614468227757987383e-03	2.692928274650791508e-03	1.857008462694011684e-04	1.202185909440740228e-04	2.932517001251807730e-04	2.766075469985718204e-04	2.028275082323996751e-04	4.290370842947031135e-04	5.670190385614158743e-04	4.850314833308151208e-04	1.089220060758348558e-03	1.178946222678041314e-03	4.788895893951720202e-04	1.411022317665430043e-03
0.000000000000000000e+00	7.126224886390967149e-03	1.329883803051282827e-03	2.508901449828107501e-03	1.795547353453620524e-03	1.963464528086331117e-04	2.139468822025734863e-04	1.568960677272537472e-04	1.024423521972533284e-04	8.584893286988823889e-05	5.076056017096053754e-04	6.656994348616994493e-04	5.800332470636384088e-04	1.005121365734425697e-03	4.862224808617784228e-04	1.204891985265489889e-03	3.037306785304476429e-03
0.000000000000000000e+00	2.154945909196783957e-03	3.029350382556450592e-03	2.601506661596350578e-03	2.619255436320326244e-03	1.720957168872358381e-04	9.749940494263661538e-05	4.214359934964818525e-05	1.958645334926187006e-04	2.338482055656546555e-04	5.322470672255368929e-04	7.708235598221663959e-04	9.670070646747248649e-04	1.178877258356463009e-03	8.741060979076886121e-04	3.018385231328092264e-04	4.573374530572327235e-03
0.000000000000000000e+00	1.335842017584027049e-02	4.181690762258641683e-03	2.893547723465814386e-03	2.763873257900372957e-03	2.245172267243761494e-04	2.753376679150095515e-04	2.488191355260225375e-04	2.565652248590406153e-04	3.251550657373442109e-04	4.389010174273186532e-04	4.407952334547783602e-04	7.060624820537348507e-04	1.252282500418657428e-03	9.899188820043352405e-04	1.188043524206481997e-03	3.528094487342137847e-03
0.000000000000000000e+00	1.081870050391557821e-02	6.454694390179612114e-03	3.554134529867948155e-03	2.815815341234143530e-03	3.941107751405461298e-04	5.212107805937441895e-04	1.658300519970332826e-04	2.264177243222306366e-04	4.091386155551976055e-04	9.055317539333775350e-04	8.149225102927067869e-04	9.078797237519615733e-04	1.375363045370463135e-03	1.371427256463187859e-03	9.178966997896837419e-04	4.703216553201787845e-03
0.000000000000000000e+00	3.340674201992739883e-03	3.081795369884429096e-03	2.134982162438133369e-03	2.817317510101320296e-03	3.313114668311235487e-04	4.528263962425091590e-04	4.952731921072605053e-04	3.144913916827889806e-04	2.982212276928036744e-04	8.867410060001520078e-04	7.160986325083020009e-04	1.191015747871572309e-03	1.464247288194506788e-03	1.304754356729449782e-03	2.570114184696297398e-04	2.836608597053056745e-03
0.000000000000000000e+00	5.259531056772745808e-03	5.633799277399842778e-03	2.485389998988727419e-03	2.194272238296009377e-03	4.186441454305976574e-04	2.968522886853126441e-04	1.470444181350198914e-04	6.159703121928484766e-04	5.429205505872464893e-04	5.012101464676465851e-04	6.059190064481415105e-04	1.215199984320961902e-03	6.471916678207264304e-04	6.305901575843301252e-04	6.001695383590665341e-04	3.758451284838424441e-03
0.000000000000000000e+00	3.405711512434021499e-03	6.405897483647195016e-03	1.780318076691297978e-03	2.082990119058895397e-03	3.744691652450968440e-04	4.582754344238805619e-04	2.819699443817122865e-04	4.331480530937637137e-04	3.462188379064928584e-04	5.821778056361599091e-04	1.196655151411189820e-03	1.562496588837991411e-03	1.730914831135631953e-03	7.397905629091429533e-04	1.783631263925085060e-03	2.979585658944750200e-03
0.000000000000000000e+00	1.666604992644203078e-03	5.938964347661378554e-03	1.463584938695182110e-03	1.780759197233619659e-03	4.079124234123470338e-04	3.523509043200854216e-04	6.341258516231753316e-04	3.454572984031405451e-04	1.168241918485949608e-03	8.253709644052886676e-04	7.315039555259224844e-04	1.106198611885961464e-03	9.285773446579535274e-04	1.784068994701741096e-03	8.299322186316662872e-04	2.873399932042719051e-03
0.000000000000000000e+00	7.891429995854985432e-03	3.617499838698169656e-03	1.603665315203493726e-03	2.232029012454152684e-03	2.433852613869670449e-04	5.304048278472777616e-04	4.637826451733162870e-04	2.175621120310528120e-04	8.753809040459440468e-04	1.176659512045488297e-03	1.330242982089420998e-03	1.867835231095029162e-03	1.119408035481677180e-03	3.607119544730475239e-04	1.433546169708650730e-03	3.875455044359225366e-03
0.000000000000000000e+00	3.127251726977271946e-03	4.285747252158663215e-03	6.170375228699718963e-04	2.095141841704441406e-03	2.790266831205389579e-04	8.348761234828439796e-04	2.202101690483540986e-04	6.382623254929135556e-04	6.638630874801625418e-04	7.230464086703804975e-04	8.904174899253435764e-04	1.127665040539475557e-03	1.393007309550686225e-03	1.504621102122584084e-03	1.014213183116232818e-03	2.552732755894097146e-03
0.000000000000000000e+00	6.327878734192409448e-03	7.479295729098092184e-03	8.644290102482987377e-04	1.745362439673028756e-03	6.619758049832348860e-04	6.280297109670456533e-04	5.603295904735923656e-04	9.238179353033920899e-04	8.074239937685728959e-04	9.553840449069772112e-04	1.023482843181612242e-03	1.408574433150978087e-03	1.116235734075378752e-03	1.367606768652142096e-03	1.805782930547038213e-03	3.026253977901196667e-03
0.000000000000000000e+00	7.145084264699628866e-03	1.136167954189635024e-02	1.249476955639737931e-03	1.786097038606387780e-03	7.187806543171238382e-04	6.698260773544987765e-04	6.503322982161620445e-04	3.843672062761776588e-04	9.765224788001322046e-04	1.359135135936563035e-03	1.227885900818436946e-03	8.640206448838162268e-04	4.848126274874902373e-04	8.704829777291811510e-04	1.574042449018459673e-03	3.052505616290577227e-03
0.000000000000000000e+00	3.859620186087595224e-03	9.254756403197875528e-03	4.164923185465792201e-04	1.303353289168029299e-03	9.261359940074410501e-04	5.930230294921543010e-04	7.687592754277339409e-04	8.105901193751878248e-04	1.137963684812375292e-03	9.889733375262575732e-04	6.128243514994234122e-04	1.215448734897298664e-03	4.224194618141531034e-04	7.768031799327073609e-04	1.328451000741408478e-03	1.725239970847532731e-03
0.000000000000000000e+00	6.765807433999115710e-03	1.092949954346178129e-02	4.045745892316265913e-04	1.727698222799705936e-03	7.191718262421897953e-04	6.992983641004930266e-04	8.729299693538319482e-04	1.128656126066135846e-03	8.209715335486713738e-04	1.144071463965538491e-03	1.119596158052658030e-03	8.706167610700015630e-04	9.160071459471609730e-04	1.555252449042672644e-03	2.018480143304252593e-03	2.557247379769520858e-03
0.000000000000000000e+00	8.013299888647219815e-03	8.709890139278139015e-03	2.150757084738955539e-04	1.500289927710722832e-03	4.825858413924668773e-04	4.630410656175956946e-04	6.542364355770917449e-04	9.943988319445385034e-04	1.258844838062665337e-03	6.542327112848169953e-04	1.746169316653193139e-03	1.082153949019895199e-03	8.943106783901174587e-04	1.751643201280510482e-03	1.443503561980316943e-03	2.005517535946151238e-03
0.000000000000000000e+00	5.636990375594052097e-03	1.125946982727902765e-02	5.096606644406429095e-04	1.807290757588286617e-03	2.541269607619126535e-04	7.995145611576344414e-04	1.273865204325112712e-03	6.944053558651341711e-04	1.309661675933270451e-03	1.462318059957929024e-03	8.114676622357975188e-04	9.120315069821850707e-04	8.471210382407258488e-04	2.113434297297940578e-03	1.532192110948806061e-03	9.247608364279593946e-04
0.000000000000000000e+00	5.826231310915550542e-03	1.657072268491941933e-02	4.649356277043212261e-04	1.122864908302996512e-03	1.329008550468474201e-03	5.860136610931260173e-04	1.159412395151402991e-03	1.588226203214548361e-03	1.094711976440720328e-03	1.134216526775823873e-03	1.025067076813266417e-03	8.533831715722380636e-04	1.869995271883024288e-03	8.791019156638335726e-04	1.179284637175170760e-03	2.165107783060212041e-03
0.000000000000000000e+00	1.050896216066767030e-02	1.471773115690707887e-02	2.530789002480429467e-04	8.859135300009276940e-04	5.861680376931008947e-04	1.194000265588657152e-03	9.406358165452241181e-04	1.302798030927343996e-03	1.439170521127362216e-03	1.618720694294760497e-03	1.896147553536996341e-03	1.274127345699357277e-03	2.090084820542739523e-03	1.481297489782351304e-03	9.311460062740745678e-04	1.856325680990859655e-03
0.000000000000000000e+00	8.406930522146627976e-03	3.195952687934271175e-02	0.000000000000000000e+00	5.038427371893424529e-04	9.448124459761575401e-04	9.841140559609935605e-04	1.241720775120137756e-03	1.462812268358022836e-03	1.398147380244013117e-03	1.496667514854751200e-03	1.194459547596082123e-03	1.617441513461352707e-03	1.638545952839324735e-03	1.107470720853496841e-03	1.008316772075620003e-03	1.999328953579532046e-03
0.000000000000000000e+00	2.169298098550392299e-03	2.819877145812249575e-02	2.290950450290704936e-04	5.726248997079121062e-04	9.223371291947281194e-04	1.258204524511615527e-03	9.088695565037804239e-04	1.953322067077380934e-03	1.944132726531874267e-03	1.488010718488076440e-03	4.560232675311200949e-04	9.712865874353335824e-04	1.327580604958578103e-03	8.664263074841151028e-04	5.733965949595071134e-04	1.527505920918678086e-03
0.000000000000000000e+00	5.324777980914805267e-03	1.324728943946506393e-02	5.165951418936902211e-05	3.902749060483768121e-04	1.004487676263914313e-03	9.611497930308586556e-04	1.653679970616829444e-03	1.153135659807139274e-03	1.317821251573905858e-03	1.697204494804898343e-03	1.325186637373880569e-03	1.658001004911352451e-03	1.549982245615341312e-03	1.374793313715203360e-03	8.578251819017202427e-04	1.007693361283380209e-03
0.000000000000000000e+00	5.160699034065761859e-03	1.297795544071953314e-02	5.165951418936902211e-05	2.759660325937499581e-04	1.346494286387399202e-03	9.248023772615481322e-04	4.614934527938075425e-04	1.355703587082065240e-03	4.640975657767113546e-04	1.215950123925455765e-03	1.047825430974842894e-03	3.631903726136410026e-04	6.727428865688728308e-04	7.905311820740882527e-04	9.744646132032556149e-04	1.183730760568405590e-03
0.000000000000000000e+00	4.912664249912495826e-03	1.507045352296601005e-02	1.333842920857280091e-04	4.009693493086693267e-04	1.367844777227210547e-03	1.604644154119444759e-03	1.051516716911587339e-03	1.399401920628105638e-03	1.362115732094088807e-03	1.064720613866981889e-03	1.358008282409960609e-03	1.385384011688615708e-03	1.420732618204994212e-03	9.488160699035000931e-04	8.797348774317126450e-04	6.998883953797910458e-04
0.000000000000000000e+00	1.264292707735262516e-03	2.005121719764757157e-02	5.165951418936902211e-05	7.966453160259729825e-05	1.113893718525709115e-03	8.402812254454787057e-04	1.097488862443835511e-03	7.810232913916181300e-04	1.231161444202465106e-03	6.262422010931099903e-04	8.916504912051274791e-04	1.488889847705163411e-03	1.813519487419198301e-03	3.243126219387335268e-04	5.927838225060811945e-04	6.084024253002439904e-04
0.000000000000000000e+00	3.859750094534173791e-03	1.549472253946236264e-02	5.165951418936902211e-05	1.525459641660762398e-04	1.400277948540955535e-03	7.981835973738550787e-04	1.235219871172789146e-03	1.254187374826327235e-03	9.971339665262712176e-04	8.845960206406312115e-04	1.777413616575193936e-03	1.075035340134915252e-03	1.642119186931044689e-03	6.550186609517598445e-04	7.155038910876894594e-04	4.000218678476616515e-04
0.000000000000000000e+00	2.564667271543929778e-03	5.557953626985795773e-03	0.000000000000000000e+00	0.000000000000000000e+00	1.190358794381208250e-03	9.587107476583295491e-04	9.335684859116087642e-04	9.755765647458822460e-04	3.167653006599298890e-04	8.400253062513574932e-04	1.288292906321832380e-03	2.595518376776594083e-03	1.300261218214121941e-03	8.729467625248901134e-04	3.914470641022768259e-04	2.221926929786899102e-04
0.000000000000000000e+00	2.438115117727452166e-03	8.404610455966771143e-03	5.165951418936902211e-05	0.000000000000000000e+00	1.251361543021439326e-03	1.012404358069423889e-03	5.738455915025204856e-04	1.344633599561333116e-03	1.152568356929800468e-03	1.194742118536558763e-03	7.326999482156069032e-04	9.910380802496459793e-04	8.841484070154778186e-04	7.609669100798058597e-04	6.135459279761653738e-04	5.432945313119203964e-04
0.000000000000000000e+00	1.226350221803839801e-03	1.911912033486649551e-02	5.165951418936902211e-05	7.966453160259728470e-05	1.321645112763724121e-03	1.355380432542498126e-03	8.000220051509917803e-04	1.183057046572926450e-03	9.059456063135471263e-04	7.828825104516583082e-04	5.269920776614231894e-04	9.604227583229122235e-04	4.017155565950776704e-04	5.075115565467559330e-04	3.645860096338811719e-04	2.595457715090335486e-04
0.000000000000000000e+00	1.198841441350223481e-03	2.007366999752720899e-02	0.000000000000000000e+00	1.593290632051945694e-04	1.674043563495020452e-03	1.273557227626374595e-03	1.231095985884262658e-03	1.615100431914195337e-03	7.332193155334451986e-04	1.226080700888143582e-03	1.062359895433342407e-03	1.175607773454579851e-03	9.934830611772640756e-04	5.002278049882696257e-04	2.275825013584221622e-04	2.007478878941837484e-04
0.000000000000000000e+00	1.266590997119429723e-03	1.197057609203895992e-02	0.000000000000000000e+00	7.966453160259728470e-05	8.088540825735994521e-04	8.843725176784785575e-04	2.259384111244928765e-03	8.592509922499347655e-04	1.391471013333099192e-03	1.284241870641932666e-03	1.646383334540532607e-03	5.251120382612254559e-04	1.896867734762303840e-04	8.140965159281446546e-04	1.918904021871949595e-04	1.441307193373091372e-04
0.000000000000000000e+00	2.626795065816533450e-04	1.570909575326524116e-02	0.000000000000000000e+00	1.593290632051945694e-04	1.387665159783005352e-03	8.049903820169549643e-04	9.289364334987707320e-04	6.788939735126591239e-04	6.424619199127375516e-04	1.014999834982248644e-03	7.542639182254379845e-04	1.427036518329043765e-03	8.133867362191568541e-04	4.384030916057923117e-04	1.567011437668057547e-04	1.332860732713635698e-04
0.000000000000000000e+00	1.491767363006716229e-03	9.068898609086419038e-03	0.000000000000000000e+00	0.000000000000000000e+00	6.710458273602876991e-04	7.028293961381666243e-04	2.284989424070061855e-04	1.036959791648632339e-03	8.205420063905030951e-04	1.094647436408037987e-03	1.064096855158295357e-03	6.457194970169574319e-04	3.150521796847419306e-04	6.949821929883449444e-04	2.031451294485953779e-04	6.294119759570896615e-05
0.000000000000000000e+00	3.309337854269869556e-04	2.250191085893831627e-02	0.000000000000000000e+00	0.000000000000000000e+00	8.612581286814014175e-04	9.942455933597607858e-04	8.389086683158338519e-04	7.921668551490911514e-04	8.923685608679173681e-04	1.205013561048097091e-03	1.491399424711130654e-03	6.708551108306465673e-04	3.103818703725310280e-04	4.694133263950579673e-04	1.382025139451146861e-04	8.096850359031578447e-05
0.000000000000000000e+00	2.049583757696402423e-04	1.856621943407283856e-03	0.000000000000000000e+00	0.000000000000000000e+00	9.910160719057133170e-04	3.674343480858086367e-04	4.496465281326650397e-04	9.046571890466563763e-04	7.552060007345328969e-04	1.346854847431042199e-03	5.231184638386252115e-04	2.879512375169691408e-04	2.913655564948377597e-04	2.002385341058623644e-04	1.279584647625385237e-04	9.889289399464599962e-05
0.000000000000000000e+00	4.948509403343289781e-04	1.527556145103700289e-02	0.000000000000000000e+00	0.000000000000000000e+00	5.913221762931088286e-04	4.441591963446950742e-04	5.296475332606399161e-04	6.615364735360211622e-04	1.269381616081815102e-03	1.194334228357549687e-03	6.967202146806045215e-04	3.917698311110509482e-04	2.222607110952229100e-04	1.755973494396869501e-04	4.751782324432766725e-05	7.190339279787406695e-05
0.000000000000000000e+00	2.968634638502140643e-04	1.214139042972913439e-02	0.000000000000000000e+00	0.000000000000000000e+00	7.762144608787632186e-04	6.987343228311334708e-04	1.022894559922370942e-03	1.074323525123499013e-03	8.090592965388258232e-04	1.226392392443094274e-03	8.162070552330895866e-04	3.597830663566624278e-04	5.603652760997472919e-04	1.535172285750033944e-04	6.178752917229301709e-05	0.000000000000000000e+00
0.000000000000000000e+00	2.817551177694771827e-04	1.937740553707101993e-02	0.000000000000000000e+00	0.000000000000000000e+00	5.132167264230942444e-04	5.986411327909425383e-04	1.062054530902196764e-03	1.007103863676550495e-03	1.454308997493018599e-03	1.980993274023653498e-03	9.233339060801790165e-04	5.606827252124231640e-04	1.124889565735358744e-04	1.433105173306713112e-04	5.799999691723365834e-05	3.595169639893703347e-05
0.000000000000000000e+00	4.152952887812938953e-04	2.507639398102904857e-02	0.000000000000000000e+00	0.000000000000000000e+00	5.099705199932767340e-04	8.418091033496068708e-04	8.564100287298772500e-04	5.411370535197780390e-04	8.502142784266979994e-04	1.009379656830670935e-03	7.767522900109713122e-04	8.445237030430935952e-04	2.267515905073670419e-04	1.028958836586915042e-04	3.460513764327264588e-05	0.000000000000000000e+00
0.000000000000000000e+00	2.614733048028296454e-04	1.589282156729504916e-02	0.000000000000000000e+00	0.000000000000000000e+00	4.899950020595485092e-04	4.691759571751247574e-04	1.194246706923432705e-03	7.272164439993864492e-04	1.025326662913949227e-03	1.654775028541790932e-03	4.612173268465238440e-04	4.074658208071792534e-04	1.192085711755074456e-04	1.458827095234469233e-04	5.624390938182744653e-05	0.000000000000000000e+00
0.000000000000000000e+00	5.059187771954116010e-04	1.749553408740811555e-02	0.000000000000000000e+00	0.000000000000000000e+00	7.853062927220735151e-04	4.643067991756581552e-04	1.029253821336785632e-03	1.317625364814022744e-03	1.252168305316435229e-03	6.424291543158897359e-04	4.090457574103568430e-04	3.322409863555947796e-04	1.574936238285442735e-04	9.774124015944984727e-05	4.336966694258966594e-06	0.000000000000000000e+00
0.000000000000000000e+00	3.575229822656311209e-04	2.708520772482441580e-02	0.000000000000000000e+00	0.000000000000000000e+00	4.342954149786476515e-04	4.727090299299039093e-04	1.283342050258909480e-03	1.060687104140488812e-03	1.270333179694597969e-03	7.014725703670190993e-04	5.563355391376655339e-04	5.679526753317783866e-04	1.391888292625861401e-04	8.742650480901647365e-05	9.059627953134392485e-06	0.000000000000000000e+00
0.000000000000000000e+00	1.611452509930287320e-04	1.353381691861744139e-02	0.000000000000000000e+00	0.000000000000000000e+00	5.774218535345590573e-04	4.663790752769345896e-04	1.523593635241565682e-03	1.163807080216695908e-03	9.284853760614165431e-04	5.619973205142681817e-04	5.961151982706982882e-04	3.986901191755950580e-04	1.489028257733062798e-04	3.388116884885407072e-05	2.264906988283598121e-06	0.000000000000000000e+00
0.000000000000000000e+00	1.201399063011710427e-04	1.022887274384543313e-02	0.000000000000000000e+00	0.000000000000000000e+00	5.186125960822770718e-04	4.988065630366416911e-04	7.257652321808491600e-04	1.385927718568244526e-03	1.299744811565765358e-03	9.465131226328826449e-04	3.551662568772396070e-04	3.337990302255402987e-04	1.913722677742686704e-04	2.264906988283598121e-06	0.000000000000000000e+00	0.000000000000000000e+00
0.000000000000000000e+00	1.188945545984353223e-04	1.623342932342742781e-02	0.000000000000000000e+00	0.000000000000000000e+00	5.241924557020028646e-04	8.891761928061311807e-04	8.876422947346118350e-04	7.012175742374562697e-04	1.282816614059653377e-03	8.594667685937621218e-04	5.422152306288118093e-04	1.817328705558620859e-04	8.864679985681710986e-05	4.529813976567196243e-06	2.264906988283598121e-06	0.000000000000000000e+00
0.000000000000000000e+00	8.083577378453421698e-05	1.847140312662962428e-02	0.000000000000000000e+00	0.000000000000000000e+00	4.178872189401565645e-04	5.808048146066202002e-04	1.015300153205304359e-03	1.285347627525781390e-03	1.043336379657485097e-03	6.392177860897439463e-04	3.911111015146052374e-04	1.287987009254308514e-04	1.569173591250000172e-05	2.264906988283598121e-06	0.000000000000000000e+00	0.000000000000000000e+00
0.000000000000000000e+00	2.993890611575894122e-04	7.375855479848141862e-03	0.000000000000000000e+00	0.000000000000000000e+00	4.040091572241595683e-04	8.348208864866582838e-04	6.805265181898253416e-04	9.535301701785548010e-04	1.047068676896998696e-03	5.904515140125128668e-04	2.127839258673582847e-04	2.051540063275151258e-04	9.080821091208433535e-05	0.000000000000000000e+00	0.000000000000000000e+00	0.000000000000000000e+00
0.000000000000000000e+00	1.677749541056337292e-04	7.619173388315449158e-03	0.000000000000000000e+00	0.000000000000000000e+00	6.821608298864762854e-04	1.075815657309614872e-03	8.958558965213460736e-04	1.628277240670518910e-03	8.562830280791837272e-04	4.031800274173328886e-04	2.727958253606054288e-04	6.277357676409819551e-05	3.884589803985910188e-05	2.264906988283598121e-06	0.000000000000000000e+00	0.000000000000000000e+00
0.000000000000000000e+00	1.498729882978256614e-04	1.350075178949484110e-02	0.000000000000000000e+00	0.000000000000000000e+00	6.660313947298715986e-04	8.758735666004221739e-04	1.103748147630093362e-03	1.030321803372934207e-03	6.984189595275647373e-04	1.668712613409458411e-04	3.546830565702004611e-04	2.276218413226119614e-05	6.178979336378337482e-05	0.000000000000000000e+00	0.000000000000000000e+00	0.000000000000000000e+00
0.000000000000000000e+00	8.174016354086361780e-05	9.655885992889103736e-03	0.000000000000000000e+00	0.000000000000000000e+00	9.213910056179188107e-04	1.020981438062625035e-03	1.109986168704598991e-03	1.016805288143620258e-03	6.014636711632237367e-04	4.049787562508453233e-04	1.449033751778155911e-04	9.393497128682291495e-05	3.378422216162272365e-05	0.000000000000000000e+00	0.000000000000000000e+00	0.000000000000000000e+00
0.000000000000000000e+00	7.606344006608770298e-05	8.767766100336230398e-03	0.000000000000000000e+00	0.000000000000000000e+00	8.480602796567893523e-04	9.965201047911797280e-04	8.140913586720513375e-04	1.120593227518791157e-03	6.665926358261501164e-04	3.759554200317854773e-04	4.514396200321108444e-05	1.174260733705093855e-04	4.529813976567196243e-06	0.000000000000000000e+00	0.000000000000000000e+00	0.000000000000000000e+00
0.000000000000000000e+00	6.956802045330530448e-05	4.858264898594197474e-03	0.000000000000000000e+00	0.000000000000000000e+00	1.425855249587011176e-03	8.727615836712809046e-04	1.187638565886036139e-03	7.934051254018677744e-04	5.365337583285526837e-04	4.776955489034564193e-04	1.081475898417487197e-04	6.911137915566325585e-05	2.264906988283598121e-06	0.000000000000000000e+00	0.000000000000000000e+00	0.000000000000000000e+00
0.000000000000000000e+00	6.009006953516090932e-05	1.250163998044243573e-02	0.000000000000000000e+00	0.000000000000000000e+00	8.245138043148827339e-04	8.636583629292985970e-04	4.158375957956543588e-04	5.719824908851937808e-04	2.797959980245535170e-04	3.355589253138706253e-04	1.852953497338783123e-04	3.083836605908062232e-05	2.264906988283598121e-06	0.000000000000000000e+00	0.000000000000000000e+00	0.000000000000000000e+00
0.000000000000000000e+00	1.220460351553807801e-04	1.065929088504652573e-02	0.000000000000000000e+00	0.000000000000000000e+00	5.962352841555509497e-04	1.049200637298809777e-03	8.860340126270688319e-04	6.837813709257854798e-04	3.149104544839297711e-04	9.905885472017515584e-05	8.862115938928225370e-05	8.061212223274704281e-05	0.000000000000000000e+00	0.000000000000000000e+00	0.000000000000000000e+00	0.000000000000000000e+00
0.000000000000000000e+00	3.752244497277481763e-05	1.758114220250911117e-02	0.000000000000000000e+00	0.000000000000000000e+00	1.212567228485704213e-03	1.021958890017628501e-03	7.030383376432107131e-04	5.586943703207264368e-04	2.342176110952995231e-04	1.408331072228470680e-04	3.350895914581855320e-05	6.794720964850793517e-06	0.000000000000000000e+00	0.000000000000000000e+00	0.000000000000000000e+00	0.000000000000000000e+00
0.000000000000000000e+00	4.289104236358499766e-05	2.589597194465588850e-02	0.000000000000000000e+00	0.000000000000000000e+00	1.094992584276583206e-03	1.099494413136283769e-03	7.744547406741211521e-04	3.388731665320304136e-04	1.767622774617929205e-04	1.933312375443620656e-04	6.232025591021516482e-05	2.264906988283598121e-06	0.000000000000000000e+00	0.000000000000000000e+00	0.000000000000000000e+00	0.000000000000000000e+00
0.000000000000000000e+00	5.886884753985498165e-05	1.024518977523290221e-02	0.000000000000000000e+00	0.000000000000000000e+00	1.116337803143791288e-03	6.656658819316791254e-04	6.980816422519390500e-04	4.786935517200305887e-04	2.112184925559819728e-04	1.251573921304177444e-04	5.779331027014896984e-05	2.264906988283598121e-06	0.000000000000000000e+00	0.000000000000000000e+00	0.000000000000000000e+00	0.000000000000000000e+00
0.000000000000000000e+00	1.563113835619216326e-04	8.979980475627195868e-03	0.000000000000000000e+00	0.000000000000000000e+00	8.935347352926523677e-04	1.482377752762785265e-03	9.704297542892855203e-04	5.582315126716004463e-04	1.534683557784674525e-04	1.229291270114319181e-04	6.303863034667825784e-05	4.529813976567196243e-06	0.000000000000000000e+00	0.000000000000000000e+00	0.000000000000000000e+00	0.000000000000000000e+00
0.000000000000000000e+00	3.752244497277481763e-05	1.881133090698031141e-02	0.000000000000000000e+00	0.000000000000000000e+00	8.433744461443873092e-04	8.367889269687109766e-04	4.822646948610391396e-04	3.749259911305586127e-04	2.322021029358757355e-04	8.797243931034156726e-05	3.604912914990632516e-05	2.264906988283598121e-06	0.000000000000000000e+00	0.000000000000000000e+00	0.000000000000000000e+00	0.000000000000000000e+00
0.000000000000000000e+00	3.614144366793996369e-05	1.055636203820238539e-02	0.000000000000000000e+00	0.000000000000000000e+00	1.307301144621629205e-03	4.915108845856287203e-04	5.980371498267746241e-04	1.806832783981368780e-04	1.289094294949950112e-04	3.107777536994671592e-05	2.264906988283598121e-06	0.000000000000000000e+00	0.000000000000000000e+00	0.000000000000000000e+00	0.000000000000000000e+00	0.000000000000000000e+00
0.000000000000000000e+00	3.978389014978880802e-05	2.193288974262266530e-02	0.000000000000000000e+00	0.000000000000000000e+00	9.425876637385241508e-04	7.447510530067869873e-04	3.806848280310468893e-04	1.901498050423609787e-04	8.784112397255700727e-05	8.574799465483392080e-06	6.794720964850793517e-06	0.000000000000000000e+00	0.000000000000000000e+00	0.000000000000000000e+00	0.000000000000000000e+00	0.000000000000000000e+00
0.000000000000000000e+00	8.517900363700663569e-05	1.792556182801520806e-02	0.000000000000000000e+00	0.000000000000000000e+00	7.606706196994551285e-04	6.728570252209347281e-04	3.089002962188030403e-04	2.040765967276816201e-04	4.647792436750092102e-05	6.794720964850795211e-06	0.000000000000000000e+00	0.000000000000000000e+00	0.000000000000000000e+00	0.000000000000000000e+00	0.000000000000000000e+00	0.000000000000000000e+00
0.000000000000000000e+00	9.396430025876373142e-05	2.765148455577210937e-02	0.000000000000000000e+00	0.000000000000000000e+00	8.634633844238004874e-04	6.179053107482863428e-04	2.878888076889305273e-04	1.602220294589883748e-04	8.477171484032920170e-05	1.124878187636548931e-04	0.000000000000000000e+00	0.000000000000000000e+00	0.000000000000000000e+00	0.000000000000000000e+00	0.000000000000000000e+00	0.000000000000000000e+00
0.000000000000000000e+00	4.317898084002493519e-05	2.035597129274228576e-02	0.000000000000000000e+00	0.000000000000000000e+00	5.641068996444894212e-04	5.933850248015721304e-04	3.430775374728159367e-04	1.003056948129788222e-04	1.018747554396145171e-04	2.264906988283598121e-06	0.000000000000000000e+00	0.000000000000000000e+00	0.000000000000000000e+00	0.000000000000000000e+00	0.000000000000000000e+00	0.000000000000000000e+00
0.000000000000000000e+00	3.564727757113561092e-05	1.155214264020607701e-02	0.000000000000000000e+00	0.000000000000000000e+00	9.888716218893864492e-04	2.941820326228831647e-04	4.111372569184941874e-04	1.450874138673157051e-04	2.809161356195792318e-05	2.632129376130457231e-05	0.000000000000000000e+00	0.000000000000000000e+00	0.000000000000000000e+00	0.000000000000000000e+00	0.000000000000000000e+00	0.000000000000000000e+00
0.000000000000000000e+00	3.920488178722162254e-05	2.444120457961537415e-02	0.000000000000000000e+00	0.000000000000000000e+00	5.681683052108859417e-04	3.142278291566561886e-04	1.869413548443638648e-04	6.203148651781140578e-05	5.768475587059068580e-05	2.264906988283598121e-06	0.000000000000000000e+00	0.000000000000000000e+00	0.000000000000000000e+00	0.000000000000000000e+00	0.000000000000000000e+00	0.000000000000000000e+00
0.000000000000000000e+00	1.017875975075207352e-04	1.541935198271113076e-02	0.000000000000000000e+00	0.000000000000000000e+00	5.279260428406349704e-04	2.516587490642483815e-04	1.450558247758274412e-04	7.818929572739531002e-05	6.111042366214859234e-05	4.529813976567196243e-06	0.000000000000000000e+00	0.000000000000000000e+00	0.000000000000000000e+00	0.000000000000000000e+00	0.000000000000000000e+00	0.000000000000000000e+00
0.000000000000000000e+00	3.388922036930399543e-05	1.575528788380681916e-02	0.000000000000000000e+00	0.000000000000000000e+00	5.704849770007034380e-04	3.902737702360167945e-04	7.323595850616450721e-05	5.127135011630681394e-05	6.794720964850793517e-06	2.264906988283598121e-06	0.000000000000000000e+00	0.000000000000000000e+00	0.000000000000000000e+00	0.000000000000000000e+00	0.000000000000000000e+00	0.000000000000000000e+00
0.000000000000000000e+00	4.159574141066075409e-05	7.013404828307560554e-03	0.000000000000000000e+00	0.000000000000000000e+00	4.842060847818770403e-04	2.015352325021094984e-04	6.090719642797751929e-05	2.948728327091832286e-05	6.077372335839464955e-05	0.000000000000000000e+00	0.000000000000000000e+00	0.000000000000000000e+00	0.000000000000000000e+00	0.000000000000000000e+00	0.000000000000000000e+00	0.000000000000000000e+00
0.000000000000000000e+00	3.676872461621861533e-05	1.517869464485509939e-02	0.000000000000000000e+00	0.000000000000000000e+00	3.097374960565662996e-04	1.627204281696772179e-04	6.918983350027543594e-05	4.336966694258967441e-06	2.264906988283598121e-06	0.000000000000000000e+00	0.000000000000000000e+00	0.000000000000000000e+00	0.000000000000000000e+00	0.000000000000000000e+00	0.000000000000000000e+00	0.000000000000000000e+00
0.000000000000000000e+00	4.336966694258966594e-06	1.335775857444777663e-02	0.000000000000000000e+00	0.000000000000000000e+00	2.038225635904560300e-04	2.102173346706355615e-04	6.353841626269862730e-05	1.155866205402979397e-04	2.698950119677192251e-05	0.000000000000000000e+00	0.000000000000000000e+00	0.000000000000000000e+00	0.000000000000000000e+00	0.000000000000000000e+00	0.000000000000000000e+00	0.000000000000000000e+00
0.000000000000000000e+00	2.615289318749999582e-06	1.494282612420599031e-02	0.000000000000000000e+00	0.000000000000000000e+00	2.193506327983832925e-04	2.646854340975751240e-04	5.191737837160384885e-05	3.008525459890678394e-05	2.264906988283598121e-06	0.000000000000000000e+00	0.000000000000000000e+00	0.000000000000000000e+00	0.000000000000000000e+00	0.000000000000000000e+00	0.000000000000000000e+00	0.000000000000000000e+00
0.000000000000000000e+00	4.012626157933896768e-05	1.797489457877269117e-02	0.000000000000000000e+00	0.000000000000000000e+00	2.818937744009650313e-04	1.148544393113060374e-04	2.870870094485821730e-05	6.794720964850793517e-06	2.264906988283598121e-06	0.000000000000000000e+00	0.000000000000000000e+00	0.000000000000000000e+00	0.000000000000000000e+00	0.000000000000000000e+00	0.000000000000000000e+00	0.000000000000000000e+00
0.000000000000000000e+00	1.108955261920445412e-04	8.745383471317962759e-03	0.000000000000000000e+00	0.000000000000000000e+00	1.596023121410185795e-04	7.427146223190594346e-05	1.641679066166223000e-04	2.632129376130456892e-05	2.264906988283598121e-06	0.000000000000000000e+00	0.000000000000000000e+00	0.000000000000000000e+00	0.000000000000000000e+00	0.000000000000000000e+00	0.000000000000000000e+00	0.000000000000000000e+00
0.000000000000000000e+00	4.822069584402739344e-05	1.301002925005189173e-02	0.000000000000000000e+00	0.000000000000000000e+00	2.155933479750460834e-04	6.697322859770616428e-05	5.636538671022096062e-05	4.529813976567196243e-06	0.000000000000000000e+00	0.000000000000000000e+00	0.000000000000000000e+00	0.000000000000000000e+00	0.000000000000000000e+00	0.000000000000000000e+00	0.000000000000000000e+00	0.000000000000000000e+00
0.000000000000000000e+00	1.060892140658198596e-04	2.355770465023515614e-02	0.000000000000000000e+00	0.000000000000000000e+00	1.702053069119745005e-04	6.708162856971517502e-05	3.053656000868651827e-05	2.698950119677192251e-05	0.000000000000000000e+00	0.000000000000000000e+00	0.000000000000000000e+00	0.000000000000000000e+00	0.000000000000000000e+00	0.000000000000000000e+00	0.000000000000000000e+00	0.000000000000000000e+00
0.000000000000000000e+00	7.495369257413620953e-05	2.557188299763323708e-02	0.000000000000000000e+00	0.000000000000000000e+00	1.287768050902698025e-04	2.949223599749650648e-05	1.191320981435870824e-05	2.264906988283598121e-06	0.000000000000000000e+00	0.000000000000000000e+00	0.000000000000000000e+00	0.000000000000000000e+00	0.000000000000000000e+00	0.000000000000000000e+00	0.000000000000000000e+00	0.000000000000000000e+00
0.000000000000000000e+00	7.588882955744917101e-05	2.131425219521649803e-02	0.000000000000000000e+00	0.000000000000000000e+00	1.181495241314569418e-04	4.819708146766423174e-05	5.850881637011105482e-05	2.264906988283598121e-06	0.000000000000000000e+00	0.000000000000000000e+00	0.000000000000000000e+00	0.000000000000000000e+00	0.000000000000000000e+00	0.000000000000000000e+00	0.000000000000000000e+00	0.000000000000000000e+00
0.000000000000000000e+00	3.920488178722161577e-05	7.865184981536444894e-03	0.000000000000000000e+00	0.000000000000000000e+00	2.420046161451380393e-05	6.017050919781357466e-05	3.083836605908062232e-05	0.000000000000000000e+00	0.000000000000000000e+00	0.000000000000000000e+00	0.000000000000000000e+00	0.000000000000000000e+00	0.000000000000000000e+00	0.000000000000000000e+00	0.000000000000000000e+00	0.000000000000000000e+00
0.000000000000000000e+00	3.698577624105741667e-06	1.612944124896508596e-02	0.000000000000000000e+00	0.000000000000000000e+00	6.430547012377740650e-05	3.083836605908062232e-05	4.336966694258966594e-06	0.000000000000000000e+00	0.000000000000000000e+00	0.000000000000000000e+00	0.000000000000000000e+00	0.000000000000000000e+00	0.000000000000000000e+00	0.000000000000000000e+00	0.000000000000000000e+00	0.000000000000000000e+00
0.000000000000000000e+00	6.698239711483925253e-05	1.791407022847234243e-02	0.000000000000000000e+00	0.000000000000000000e+00	5.580133411491514073e-05	3.513642487113070618e-05	0.000000000000000000e+00	0.000000000000000000e+00	0.000000000000000000e+00	0.000000000000000000e+00	0.000000000000000000e+00	0.000000000000000000e+00	0.000000000000000000e+00	0.000000000000000000e+00	0.000000000000000000e+00	0.000000000000000000e+00
0.000000000000000000e+00	3.388922036930399543e-05	1.688625522965499226e-02	0.000000000000000000e+00	0.000000000000000000e+00	5.909763692497256186e-05	5.941746845712740914e-05	2.925440818505552741e-05	0.000000000000000000e+00	0.000000000000000000e+00	0.000000000000000000e+00	0.000000000000000000e+00	0.000000000000000000e+00	0.000000000000000000e+00	0.000000000000000000e+00	0.000000000000000000e+00	0.000000000000000000e+00
0.000000000000000000e+00	7.426046168460638183e-05	1.926650999176529253e-02	0.000000000000000000e+00	0.000000000000000000e+00	3.987767468516084624e-05	0.000000000000000000e+00	2.264906988283598121e-06	0.000000000000000000e+00	0.000000000000000000e+00	0.000000000000000000e+00	0.000000000000000000e+00	0.000000000000000000e+00	0.000000000000000000e+00	0.000000000000000000e+00	0.000000000000000000e+00	0.000000000000000000e+00
0.000000000000000000e+00	4.184166485890423369e-05	1.041090094328364288e-02	0.000000000000000000e+00	0.000000000000000000e+00	2.926418135558522219e-05	0.000000000000000000e+00	2.264906988283598121e-06	0.000000000000000000e+00	0.000000000000000000e+00	0.000000000000000000e+00	0.000000000000000000e+00	0.000000000000000000e+00	0.000000000000000000e+00	0.000000000000000000e+00	0.000000000000000000e+00	0.000000000000000000e+00
0.000000000000000000e+00	3.526144417562213882e-05	1.328898477850361248e-02	0.000000000000000000e+00	0.000000000000000000e+00	6.277357676409820906e-05	3.151931517333912214e-05	0.000000000000000000e+00	0.000000000000000000e+00	0.000000000000000000e+00	0.000000000000000000e+00	0.000000000000000000e+00	0.000000000000000000e+00	0.000000000000000000e+00	0.000000000000000000e+00	0.000000000000000000e+00	0.000000000000000000e+00
0.000000000000000000e+00	3.978389014978881479e-05	1.152544950464318672e-02	0.000000000000000000e+00	0.000000000000000000e+00	5.941746845712740914e-05	2.615289318749999582e-06	0.000000000000000000e+00	0.000000000000000000e+00	0.000000000000000000e+00	0.000000000000000000e+00	0.000000000000000000e+00	0.000000000000000000e+00	0.000000000000000000e+00	0.000000000000000000e+00	0.000000000000000000e+00	0.000000000000000000e+00
0.000000000000000000e+00	1.103739476807677852e-04	1.684323389014558137e-02	0.000000000000000000e+00	0.000000000000000000e+00	6.167673211816125818e-05	2.925440818505552741e-05	0.000000000000000000e+00	0.000000000000000000e+00	0.000000000000000000e+00	0.000000000000000000e+00	0.000000000000000000e+00	0.000000000000000000e+00	0.000000000000000000e+00	0.000000000000000000e+00	0.000000000000000000e+00	0.000000000000000000e+00
0.000000000000000000e+00	6.950953584023493686e-05	8.248953019501254619e-03	0.000000000000000000e+00	0.000000000000000000e+00	3.083836605908062909e-05	0.000000000000000000e+00	0.000000000000000000e+00	0.000000000000000000e+00	0.000000000000000000e+00	0.000000000000000000e+00	0.000000000000000000e+00	0.000000000000000000e+00	0.000000000000000000e+00	0.000000000000000000e+00	0.000000000000000000e+00	0.000000000000000000e+00
0.000000000000000000e+00	7.137238252882702151e-05	2.253461231716912330e-02	0.000000000000000000e+00	0.000000000000000000e+00	4.529813976567196243e-06	2.264906988283598121e-06	0.000000000000000000e+00	0.000000000000000000e+00	0.000000000000000000e+00	0.000000000000000000e+00	0.000000000000000000e+00	0.000000000000000000e+00	0.000000000000000000e+00	0.000000000000000000e+00	0.000000000000000000e+00	0.000000000000000000e+00
0.000000000000000000e+00	4.167787712592048709e-05	9.357230061749538877e-03	0.000000000000000000e+00	0.000000000000000000e+00	1.132453494141798891e-05	0.000000000000000000e+00	0.000000000000000000e+00	0.000000000000000000e+00	0.000000000000000000e+00	0.000000000000000000e+00	0.000000000000000000e+00	0.000000000000000000e+00	0.000000000000000000e+00	0.000000000000000000e+00	0.000000000000000000e+00	0.000000000000000000e+00
0.000000000000000000e+00	7.218820073370700769e-05	8.772442451600279828e-03	0.000000000000000000e+00	0.000000000000000000e+00	2.264906988283598121e-06	0.000000000000000000e+00	0.000000000000000000e+00	0.000000000000000000e+00	0.000000000000000000e+00	0.000000000000000000e+00	0.000000000000000000e+00	0.000000000000000000e+00	0.000000000000000000e+00	0.000000000000000000e+00	0.000000000000000000e+00	0.000000000000000000e+00
0.000000000000000000e+00	7.317922409859545967e-05	1.011459937400304744e-02	0.000000000000000000e+00	0.000000000000000000e+00	2.264906988283598121e-06	2.264906988283598121e-06	0.000000000000000000e+00	0.000000000000000000e+00	0.000000000000000000e+00	0.000000000000000000e+00	0.000000000000000000e+00	0.000000000000000000e+00	0.000000000000000000e+00	0.000000000000000000e+00	0.000000000000000000e+00	0.000000000000000000e+00
0.000000000000000000e+00	7.168025886230355935e-05	8.753283675101799707e-03	0.000000000000000000e+00	0.000000000000000000e+00	0.000000000000000000e+00	0.000000000000000000e+00	0.000000000000000000e+00	0.000000000000000000e+00	0.000000000000000000e+00	0.000000000000000000e+00	0.000000000000000000e+00	0.000000000000000000e+00	0.000000000000000000e+00	0.000000000000000000e+00	0.000000000000000000e+00	0.000000000000000000e+00
0.000000000000000000e+00	4.818504270820389671e-05	1.604036988072088388e-02	0.000000000000000000e+00	0.000000000000000000e+00	0.000000000000000000e+00	0.000000000000000000e+00	0.000000000000000000e+00	0.000000000000000000e+00	0.000000000000000000e+00	0.000000000000000000e+00	0.000000000000000000e+00	0.000000000000000000e+00	0.000000000000000000e+00	0.000000000000000000e+00	0.000000000000000000e+00	0.000000000000000000e+00
0.000000000000000000e+00	3.616540120559761756e-05	3.482639129822254556e-03	0.000000000000000000e+00	0.000000000000000000e+00	0.000000000000000000e+00	0.000000000000000000e+00	0.000000000000000000e+00	0.000000000000000000e+00	0.000000000000000000e+00	0.000000000000000000e+00	0.000000000000000000e+00	0.000000000000000000e+00	0.000000000000000000e+00	0.000000000000000000e+00	0.000000000000000000e+00	0.000000000000000000e+00
0.000000000000000000e+00	1.177471627667928513e-04	5.358561898235468177e-03	0.000000000000000000e+00	0.000000000000000000e+00	0.000000000000000000e+00	0.000000000000000000e+00	0.000000000000000000e+00	0.000000000000000000e+00	0.000000000000000000e+00	0.000000000000000000e+00	0.000000000000000000e+00	0.000000000000000000e+00	0.000000000000000000e+00	0.000000000000000000e+00	0.000000000000000000e+00	0.000000000000000000e+00
0.000000000000000000e+00	7.635781510237360514e-05	1.911655502490633776e-02	0.000000000000000000e+00	0.000000000000000000e+00	0.000000000000000000e+00	0.000000000000000000e+00	0.000000000000000000e+00	0.000000000000000000e+00	0.000000000000000000e+00	0.000000000000000000e+00	0.000000000000000000e+00	0.000000000000000000e+00	0.000000000000000000e+00	0.000000000000000000e+00	0.000000000000000000e+00	0.000000000000000000e+00
0.000000000000000000e+00	1.119924819414192484e-04	7.679296546399672421e-03	0.000000000000000000e+00	0.000000000000000000e+00	0.000000000000000000e+00	0.000000000000000000e+00	0.000000000000000000e+00	0.000000000000000000e+00	0.000000000000000000e+00	0.000000000000000000e+00	0.000000000000000000e+00	0.000000000000000000e+00	0.000000000000000000e+00	0.000000000000000000e+00	0.000000000000000000e+00	0.000000000000000000e+00
0.000000000000000000e+00	7.730088803441944570e-05	9.199311944170524696e-03	0.000000000000000000e+00	0.000000000000000000e+00	0.000000000000000000e+00	0.000000000000000000e+00	0.000000000000000000e+00	0.000000000000000000e+00	0.000000000000000000e+00	0.000000000000000000e+00	0.000000000000000000e+00	0.000000000000000000e+00	0.000000000000000000e+00	0.000000000000000000e+00	0.000000000000000000e+00	0.000000000000000000e+00
0.000000000000000000e+00	1.070837563150610800e-04	2.722088914580724633e-02	0.000000000000000000e+00	0.000000000000000000e+00	0.000000000000000000e+00	0.000000000000000000e+00	0.000000000000000000e+00	0.000000000000000000e+00	0.000000000000000000e+00	0.000000000000000000e+00	0.000000000000000000e+00	0.000000000000000000e+00	0.000000000000000000e+00	0.000000000000000000e+00	0.000000000000000000e+00	0.000000000000000000e+00
0.000000000000000000e+00	5.847964697554114457e-06	1.917321199187060551e-02	0.000000000000000000e+00	0.000000000000000000e+00	0.000000000000000000e+00	0.000000000000000000e+00	0.000000000000000000e+00	0.000000000000000000e+00	0.000000000000000000e+00	0.000000000000000000e+00	0.000000000000000000e+00	0.000000000000000000e+00	0.000000000000000000e+00	0.000000000000000000e+00	0.000000000000000000e+00	0.000000000000000000e+00
0.000000000000000000e+00	4.112054921978686346e-05	1.162272333356951202e-02	0.000000000000000000e+00	0.000000000000000000e+00	0.000000000000000000e+00	0.000000000000000000e+00	0.000000000000000000e+00	0.000000000000000000e+00	0.000000000000000000e+00	0.000000000000000000e+00	0.000000000000000000e+00	0.000000000000000000e+00	0.000000000000000000e+00	0.000000000000000000e+00	0.000000000000000000e+00	0.000000000000000000e+00
0.000000000000000000e+00	1.368266325689450542e-04	2.026116254714718443e-02	0.000000000000000000e+00	0.000000000000000000e+00	0.000000000000000000e+00	0.000000000000000000e+00	0.000000000000000000e+00	0.000000000000000000e+00	0.000000000000000000e+00	0.000000000000000000e+00	0.000000000000000000e+00	0.000000000000000000e+00	0.000000000000000000e+00	0.000000000000000000e+00	0.000000000000000000e+00	0.000000000000000000e+00
0.000000000000000000e+00	9.331152438002910581e-05	4.452407731820630377e-03	0.000000000000000000e+00	0.000000000000000000e+00	0.000000000000000000e+00	0.000000000000000000e+00	0.000000000000000000e+00	0.000000000000000000e+00	0.000000000000000000e+00	0.000000000000000000e+00	0.000000000000000000e+00	0.000000000000000000e+00	0.000000000000000000e+00	0.000000000000000000e+00	0.000000000000000000e+00	0.000000000000000000e+00
0.000000000000000000e+00	4.710840973202041056e-05	1.860445377293410210e-02	0.000000000000000000e+00	0.000000000000000000e+00	0.000000000000000000e+00	0.000000000000000000e+00	0.000000000000000000e+00	0.000000000000000000e+00	0.000000000000000000e+00	0.000000000000000000e+00	0.000000000000000000e+00	0.000000000000000000e+00	0.000000000000000000e+00	0.000000000000000000e+00	0.000000000000000000e+00	0.000000000000000000e+00
0.000000000000000000e+00	6.454879782062623384e-05	1.608632792489072053e-02	0.000000000000000000e+00	0.000000000000000000e+00	0.000000000000000000e+00	0.000000000000000000e+00	0.000000000000000000e+00	0.000000000000000000e+00	0.000000000000000000e+00	0.000000000000000000e+00	0.000000000000000000e+00	0.000000000000000000e+00	0.000000000000000000e+00	0.000000000000000000e+00	0.000000000000000000e+00	0.000000000000000000e+00
0.000000000000000000e+00	5.933177155990569239e-05	8.993527460049981909e-03	0.000000000000000000e+00	0.000000000000000000e+00	0.000000000000000000e+00	0.000000000000000000e+00	0.000000000000000000e+00	0.000000000000000000e+00	0.000000000000000000e+00	0.000000000000000000e+00	0.000000000000000000e+00	0.000000000000000000e+00	0.000000000000000000e+00	0.000000000000000000e+00	0.000000000000000000e+00	0.000000000000000000e+00
0.000000000000000000e+00	7.751619079285442372e-05	1.490722585398200108e-02	0.000000000000000000e+00	0.000000000000000000e+00	0.000000000000000000e+00	0.000000000000000000e+00	0.000000000000000000e+00	0.000000000000000000e+00	0.000000000000000000e+00	0.000000000000000000e+00	0.000000000000000000e+00	0.000000000000000000e+00	0.000000000000000000e+00	0.000000000000000000e+00	0.000000000000000000e+00	0.000000000000000000e+00
0.000000000000000000e+00	9.797071052745525744e-05	5.893160873796932098e-03	0.000000000000000000e+00	0.000000000000000000e+00	0.000000000000000000e+00	0.000000000000000000e+00	0.000000000000000000e+00	0.000000000000000000e+00	0.000000000000000000e+00	0.000000000000000000e+00	0.000000000000000000e+00	0.000000000000000000e+00	0.000000000000000000e+00	0.000000000000000000e+00	0.000000000000000000e+00	0.000000000000000000e+00
0.000000000000000000e+00	5.570611595061034462e-05	7.486426388033666848e-03	0.000000000000000000e+00	0.000000000000000000e+00	0.000000000000000000e+00	0.000000000000000000e+00	0.000000000000000000e+00	0.000000000000000000e+00	0.000000000000000000e+00	0.000000000000000000e+00	0.000000000000000000e+00	0.000000000000000000e+00	0.000000000000000000e+00	0.000000000000000000e+00	0.000000000000000000e+00	0.000000000000000000e+00
0.000000000000000000e+00	2.234538106675036423e-04	1.397694679617108443e-02	0.000000000000000000e+00	0.000000000000000000e+00	0.000000000000000000e+00	0.000000000000000000e+00	0.000000000000000000e+00	0.000000000000000000e+00	0.000000000000000000e+00	0.000000000000000000e+00	0.000000000000000000e+00	0.000000000000000000e+00	0.000000000000000000e+00	0.000000000000000000e+00	0.000000000000000000e+00	0.000000000000000000e+00
0.000000000000000000e+00	7.958135439678800771e-05	1.062483733085163237e-02	0.000000000000000000e+00	0.000000000000000000e+00	0.000000000000000000e+00	0.000000000000000000e+00	0.000000000000000000e+00	0.000000000000000000e+00	0.000000000000000000e+00	0.000000000000000000e+00	0.000000000000000000e+00	0.000000000000000000e+00	0.000000000000000000e+00	0.000000000000000000e+00	0.000000000000000000e+00	0.000000000000000000e+00
0.000000000000000000e+00	9.117332606367860998e-05	2.594935073137904016e-02	0.000000000000000000e+00	0.000000000000000000e+00	0.000000000000000000e+00	0.000000000000000000e+00	0.000000000000000000e+00	0.000000000000000000e+00	0.000000000000000000e+00	0.000000000000000000e+00	0.000000000000000000e+00	0.000000000000000000e+00	0.000000000000000000e+00	0.000000000000000000e+00	0.000000000000000000e+00	0.000000000000000000e+00
0.000000000000000000e+00	9.861645903410142585e-05	2.248596758487076200e-02	0.000000000000000000e+00	0.000000000000000000e+00	0.000000000000000000e+00	0.000000000000000000e+00	0.000000000000000000e+00	0.000000000000000000e+00	0.000000000000000000e+00	0.000000000000000000e+00	0.000000000000000000e+00	0.000000000000000000e+00	0.000000000000000000e+00	0.000000000000000000e+00	0.000000000000000000e+00	0.000000000000000000e+00
0.000000000000000000e+00	1.835457488912525239e-04	1.101420175806948169e-02	0.000000000000000000e+00	0.000000000000000000e+00	0.000000000000000000e+00	0.000000000000000000e+00	0.000000000000000000e+00	0.000000000000000000e+00	0.000000000000000000e+00	0.000000000000000000e+00	0.000000000000000000e+00	0.000000000000000000e+00	0.000000000000000000e+00	0.000000000000000000e+00	0.000000000000000000e+00	0.000000000000000000e+00
