# nm	x_force	y_force	z_force	magnitude_x-y_force
# 
-1.980544514789484678e+00	1.037065849806872553e+00	3.969600461816460424e-01	1.560196603763266410e-01	2.971403829323770651e+02
-1.960544514789484660e+00	1.220577310714634933e+00	4.762565092875072348e-01	6.196199497034896586e-01	2.978689759731960862e+02
-1.940544514789484642e+00	3.496298027335211778e-01	7.419622974550010852e-01	6.933900620889064115e-01	2.952742366263101417e+02
-1.920544514789484625e+00	4.283302539370398843e-01	1.311056145748141111e+00	-6.450275245958831949e-01	2.969830010102754727e+02
-1.900544514789484607e+00	-1.433222799839862338e+00	1.221262131744452084e+00	1.307291124053667764e+00	2.956738158323172456e+02
-1.880544514789484811e+00	-1.975109719537546660e-01	-4.161035745131770325e-01	2.659061477880930724e-02	2.967428382562814022e+02
-1.860544514789484793e+00	1.024133262911238740e+00	-7.829795133528992812e-01	2.235224928912846465e-01	2.953979305224250993e+02
-1.840544514789484776e+00	1.867970302328137766e+00	-6.645630461686741208e-01	2.365572544085687845e-01	2.964603638927418388e+02
-1.820544514789484758e+00	-8.307636573215528841e-01	5.304014257330387228e-01	-1.156836305758695893e+00	2.961892381243632144e+02
-1.800544514789484740e+00	9.751430446731581547e-01	-2.859094100258598559e+00	-1.169844456612548989e+00	2.964037603289358458e+02
-1.780544514789484722e+00	-5.461374435570161001e-01	2.279703180843679178e+00	2.635868046725156066e-01	2.967113760779129734e+02
-1.760544514789484705e+00	2.216594031918378782e+00	-3.207634525609207587e-01	1.181967647931145837e+00	2.968777948587515425e+02
-1.740544514789484687e+00	5.365707765288543207e-01	-1.164672070175543306e+00	1.603011959288221044e+00	2.961501483147796421e+02
-1.720544514789484669e+00	-6.540851653412660394e-01	-2.773218058628478255e-01	2.987763561599048323e-01	2.958922774692406392e+02
-1.700544514789484651e+00	-1.116092340221777057e-01	1.094350435215568407e+00	-3.427788162019281604e+00	2.966663358554916385e+02
-1.680544514789484634e+00	2.134899706603492764e-01	2.391294306736912456e-01	-6.542179431799854950e-01	2.977085326251424249e+02
-1.660544514789484616e+00	-9.355634424923958692e-01	-1.263148532762532916e+00	8.506766826266269899e-01	2.969583868179924480e+02
-1.640544514789484820e+00	-1.422609474380298611e-02	-4.632557767318283837e-01	-3.238797064757534372e+00	2.960957085105280839e+02
-1.620544514789484802e+00	-2.091698391715408611e-01	1.731755773336264848e-01	-8.217803998497918982e-03	2.958928798998198317e+02
-1.600544514789484785e+00	1.671129965361492609e+00	1.874656016194571118e+00	-1.240153114988901573e+00	2.982921476208647391e+02
-1.580544514789484767e+00	-7.307775189885098444e-01	2.100387116973366552e+00	-3.722174418156614095e-01	2.973389176945392478e+02
-1.560544514789484749e+00	-4.622201944980108279e-01	8.539756600652810281e-01	2.621254978124968327e-01	2.956118523501884283e+02
-1.540544514789484731e+00	-1.127064553965893667e+00	8.056581227530901224e-02	-3.944572228839137162e-01	2.973594393784649128e+02
-1.520544514789484714e+00	6.013492517818013194e-01	-3.655210066668612146e-01	2.499262814955887535e+00	2.976175365190484854e+02
-1.500544514789484696e+00	3.658632827579296753e-01	1.244658049449278714e+00	1.755321406557739827e+00	2.972807424622326380e+02
-1.480544514789484678e+00	-6.157007561902916315e-01	-1.809873572052807411e+00	-3.054249303652777359e-01	2.951999444043103722e+02
-1.460544514789484660e+00	1.865841295125286459e-01	1.619395589484919018e+00	6.155883200828959900e-02	2.974458633548288162e+02
-1.440544514789484642e+00	-5.895888125324221241e-01	7.692147651873100234e-01	2.609265899209514572e+00	2.964887245671405367e+02
-1.420544514789484625e+00	-1.993985233925370526e+00	-4.853230531059570807e-01	5.384428783329111567e-01	2.971941895297819656e+02
-1.400544514789484607e+00	-2.793498342515131072e-01	-5.002930176449998934e-01	1.082620502618524494e+00	2.965895255743866983e+02
-1.380544514789484811e+00	1.295383064800537110e-01	-9.439941932756036325e-01	2.749089892091766130e-01	2.952444671397461207e+02
-1.360544514789484793e+00	4.142927591908803775e-01	-1.112927609803544104e+00	9.651552458544468971e-01	2.958408903601592783e+02
-1.340544514789484776e+00	1.439287473797028705e+00	-1.252105208492559019e+00	-3.112465264905862838e+00	2.961689604573392671e+02
-1.320544514789484758e+00	2.125630632351424687e+00	-4.486812145869710777e-01	-7.187594721234757955e-03	2.964417866489591802e+02
-1.300544514789484740e+00	-1.064716978513974288e-01	7.511263482669408020e-01	-1.977385777616728735e+00	2.971282476033839544e+02
-1.280544514789484722e+00	-3.767415425329123657e-01	-7.450872288837355750e-01	6.761198568603854486e-01	2.976106339963048413e+02
-1.260544514789484705e+00	8.422559584683616540e-01	-1.096179305906463952e-02	-8.226691437803159701e-01	2.991642299826777389e+02
-1.240544514789484687e+00	-1.097527751137350238e+00	-3.100772666128143729e-01	-5.544526465929378034e-02	2.979009761883619376e+02
-1.220544514789484669e+00	-4.223676388833919049e-03	-4.206680205713182463e-01	-1.983237300827815908e+00	2.967060339316072941e+02
-1.200544514789484651e+00	5.267539317965421741e-01	1.817998873234142776e+00	3.135680763388581371e-01	2.962709846916162633e+02
-1.180544514789484634e+00	6.073678251896723612e-01	1.273583544469538253e+00	9.274147596480317723e-01	2.962026015135760417e+02
-1.160544514789484616e+00	-1.141211404715837929e+00	-1.551067637247969477e+00	-1.683205645057803679e-01	2.958082279604886367e+02
-1.140544514789484598e+00	-8.820896507266836606e-01	-1.373224149478940781e+00	-5.332615981740947975e-01	2.973133494036197817e+02
-1.120544514789484802e+00	1.977254806193362580e-01	2.812009689220539954e+00	-1.100278419495692495e+00	2.960409387137099770e+02
-1.100544514789484785e+00	-1.868817210835497900e+00	6.496433817793815235e-01	2.383729212524633656e+00	2.947240936704773731e+02
-1.080544514789484767e+00	1.445233657816185291e+00	5.311632133050014914e-01	1.300911557523124484e+00	2.960735720291125972e+02
-1.060544514789484749e+00	2.673937245651975547e-01	-7.399793555452448546e-01	-1.490742883453316736e+00	2.963708505496786643e+02
-1.040544514789484731e+00	-1.105985874267276348e+00	-4.602399428299547846e-01	-7.129632379555144173e-01	2.964237826578349768e+02
-1.020544514789484714e+00	-1.080015684487456440e-02	-5.766328520387360435e-01	-8.516579191339600508e-01	2.971930814933725742e+02
-1.000544514789484696e+00	7.289804654085993985e-01	-7.871732422250308225e-01	-2.733756465646010603e-01	2.987601997858401432e+02
-9.805445147894845670e-01	1.833223382571709248e+00	2.987394682067876506e-01	2.166915534509340713e+00	2.971133242217540555e+02
-9.605445147894845492e-01	4.858659104366025439e-02	6.620940527249098428e-01	8.560810515389584152e-01	2.969186963757814510e+02
-9.405445147894845315e-01	-9.186503753548656004e-01	-7.766567870633673820e-01	1.619611186234629852e+00	2.973406508115537576e+02
-9.205445147894846247e-01	-8.674862091597317360e-01	4.759140687537648517e-01	1.885242524630012850e+00	2.955748654556294355e+02
-9.005445147894846070e-01	2.491981309094319363e-01	-1.715360875052961490e-02	-2.166201964654696610e+00	2.984748858077090290e+02
-8.805445147894845892e-01	5.484691326484281149e-02	-9.436294640183522375e-01	-1.314322846343047857e+00	2.970505930187190984e+02
-8.605445147894845714e-01	-1.047678772817701498e+00	3.743996543776218489e-01	-4.469370577470310191e-01	2.959713291626131308e+02
-8.405445147894845537e-01	1.023069303044011891e-01	1.867176954794633303e+00	1.593311529776653579e+00	2.966362297624864368e+02
-8.205445147894845359e-01	-3.725564288298499616e-02	-4.822248045334329714e-01	1.064746809243253045e+00	2.968490044955682379e+02
-8.005445147894846292e-01	-1.051622242697892173e-01	-1.091989269034745247e+00	1.112773801537015217e+00	2.966349908153515003e+02
-7.805445147894846114e-01	2.108491224833242139e-01	-3.893424337213345909e-01	1.303755854208863418e-01	2.976568848270404715e+02
-7.605445147894845936e-01	6.300317099623835571e-01	9.528274838919648104e-01	-2.339701723358603047e+00	2.976409832428727213e+02
-7.405445147894845759e-01	3.134998465989782268e-01	5.800121651014005231e-01	1.756163139534461237e+00	2.968885410361740469e+02
-7.205445147894845581e-01	-1.456089656773841279e-01	-7.126688396449055718e-01	-9.878737828091294082e-01	2.988350733607657048e+02
-7.005445147894845404e-01	6.982376593791981279e-01	-2.782877207612569626e-01	-1.551468536845141077e+00	2.974606204013589377e+02
-6.805445147894846336e-01	2.615653324918391753e+00	-4.101854271327842749e-02	2.034726409108095879e+00	2.956340447415821018e+02
-6.605445147894846158e-01	-7.121741040137097301e-01	-1.745621818834689254e+00	-1.092705847800791608e+00	2.981320059480865439e+02
-6.405445147894845981e-01	9.223926467320280320e-01	1.038203806688488440e+00	-1.326944207308398571e+00	2.967570162521684551e+02
-6.205445147894845803e-01	2.480183851881310186e-01	-4.520480571942209203e-03	2.845823237808597916e-01	2.970472367186944780e+02
-6.005445147894845626e-01	-3.015064424749091532e-01	-8.049817982157554397e-01	-1.014453780347719380e+00	2.993974962246979317e+02
-5.805445147894845448e-01	-2.526047950656592711e+00	5.115789329041209310e-01	5.930785941089182778e-01	2.988685311177993640e+02
-5.605445147894845270e-01	-2.108983189122770607e-02	1.448171529140668268e-01	-2.828894774055167316e-01	2.986621270427921786e+02
-5.405445147894846203e-01	7.235105393698461063e-01	2.247643272538870196e+00	-2.666948106374262828e-01	2.984077835724993975e+02
-5.205445147894846025e-01	1.208794881868886506e-01	-1.767722449466815560e+00	-4.448290562365807554e-01	2.994640160291319830e+02
-5.005445147894845848e-01	1.708174059368379183e+00	1.718975886792581953e-01	-8.881631634275406473e-01	2.990194804724783353e+02
-4.805445147894846225e-01	-2.663117827620313349e+00	-1.509672064555121818e+00	-7.161996690332869120e-01	2.983934849073096984e+02
-4.605445147894846047e-01	1.194197012039761141e+00	2.532461614626266844e-01	8.737021534167593861e-02	2.988948359731615483e+02
-4.405445147894846425e-01	-1.177131711143511783e+00	-2.604008028912829231e-01	-2.437492200146359755e-01	2.983278248082580149e+02
-4.205445147894846247e-01	-2.431259138475234671e+00	6.816061234154885407e-02	-1.629980314351471726e+00	2.973249156699291120e+02
-4.005445147894846070e-01	-1.186658133909591406e+00	-6.650007884262540969e-01	1.657189839169543211e+00	2.981148974050847755e+02
-3.805445147894846447e-01	3.578034470857177629e-02	-2.185875998335431447e+00	-2.421206537136232129e+00	2.972085172353787357e+02
-3.605445147894846269e-01	6.281551235933720001e-01	-2.039532889166295604e-01	-1.185909543945617095e+00	2.966161334058999728e+02
-3.405445147894846092e-01	9.316578124643832837e-01	1.583627784981253228e+00	-1.557228388310930134e+00	2.978439599567672644e+02
-3.205445147894846469e-01	4.710160289547637991e-01	-7.671055117918276212e-01	-9.267451572310273500e-01	2.961227352586790857e+02
-3.005445147894846292e-01	1.922597922068588261e+00	1.601161160898495250e+00	-1.655781279516269411e+00	2.962339340752010344e+02
-2.805445147894846114e-01	1.895647842963279484e+00	5.753724394306891643e-01	-3.595210776785842555e+00	2.959946274570432934e+02
-2.605445147894846492e-01	-1.078722379022691857e+00	-2.178602131710005996e-01	-2.741992357381740408e+00	2.958627291379164603e+02
-2.405445147894846036e-01	1.027405797339369764e+00	2.935647222808809076e+00	-2.417066122783812609e+00	2.954586555282207883e+02
-2.205445147894845859e-01	-8.112155180668785270e-01	-1.014601276623697590e+00	-3.189754265390630117e+00	2.934827282747864956e+02
-2.005445147894845959e-01	1.044131413005911835e+00	-1.403835824705071955e-01	-5.038497885641651131e+00	2.945899454411690499e+02
-1.805445147894846059e-01	2.203437530664726918e+00	5.162242862645037844e-01	-2.962218882943478349e+00	2.915170495137564330e+02
-1.605445147894845881e-01	-2.250741281444232023e+00	-6.289697150913626800e-01	-2.995322774833544699e+00	2.900399508140152420e+02
-1.405445147894845981e-01	-1.579282739284952219e+00	1.764100583754002471e-02	-4.708658424746234417e+00	2.896896506676944227e+02
-1.205445147894846220e-01	-6.695392841595517730e-01	-9.151462556250753444e-01	-4.081443276771553386e+00	2.858817046448955921e+02
-1.005445147894846042e-01	-7.595036497771240347e-01	1.430450804886978844e+00	-5.380143345020032442e+00	2.854391172279009652e+02
-8.054451478948461418e-02	3.902560663795767715e-01	-1.644238522557191606e+00	-7.004509541217242230e+00	2.829608948355326561e+02
-6.054451478948461030e-02	-9.582143150876446525e-01	9.336718608714678069e-01	-5.151024865120598761e+00	2.820686559204530113e+02
-4.054451478948460641e-02	-2.344926397529213946e-01	-6.465373052923303332e-01	-7.468732438421820774e+00	2.812467121027919461e+02
-2.054451478948460599e-02	-1.299628761857284598e+00	-5.397882232145028158e-01	-8.557074700827730140e+00	2.794152660498175464e+02
-5.445147894846055769e-04	7.713429582784711025e-01	-1.629261378296484875e-01	-1.252706725411814936e+01	2.722976789584064932e+02
1.945548521051539484e-02	2.189728905621041832e+00	3.631559205296791326e+00	-1.144593081077531238e+01	2.725226906309969195e+02
3.945548521051539526e-02	3.177254446301594815e+00	5.145425648336451330e-01	-1.238263029434005524e+01	2.704961518448526476e+02
5.945548521051539914e-02	3.386436252470114150e-01	-8.741152800039662107e-01	-1.328495684063594595e+01	2.679188108738374012e+02
7.945548521051538915e-02	-2.344215160778235330e+00	-7.327375944258370799e-01	-1.500857484479864468e+01	2.639540864701163514e+02
9.945548521051539304e-02	2.235827795028034082e+00	2.942034318962724271e+00	-1.903239862696501206e+01	2.600250223893625616e+02
1.194554852105153969e-01	9.207598269112772238e-01	1.380750849345209863e+00	-2.089255756954171517e+01	2.590390723875613048e+02
1.394554852105154008e-01	-4.113688339678440720e+00	-3.213988787710793105e-01	-2.434572966396487459e+01	2.532005328503826433e+02
1.594554852105154186e-01	2.960673185859707957e+00	4.053189217570745684e-01	-2.342004664149312276e+01	2.527490259423888119e+02
1.794554852105154086e-01	-2.108051729141525499e+00	-1.424529097477560180e+00	-2.479240541076304893e+01	2.495969616500763948e+02
1.994554852105153986e-01	-2.867307403022925527e+00	-1.452004449049289381e+00	-1.935276084435658817e+01	2.484526695590680561e+02
2.194554852105154163e-01	3.804181558557996556e+00	-1.317380018761162841e+00	-2.821247748454678828e+01	2.469876812584869015e+02
2.394554852105154064e-01	-2.332173920701372971e+00	-2.406854027560435760e+00	-2.776966182847237263e+01	2.427215279058827093e+02
2.594554852105153686e-01	-6.553962109861438678e-01	-1.388156855060774575e+00	-2.542045908614126049e+01	2.389873028357855844e+02
2.794554852105153864e-01	-3.744668640735802079e+00	-1.079004080776494234e+00	-2.940852238584591660e+01	2.375604298536786985e+02
2.994554852105154041e-01	-1.999552878231088959e-01	9.728084251185798337e+00	-3.652309858840306589e+01	2.315793021301083456e+02
3.194554852105153664e-01	9.262634571750099965e+00	-2.597859450773865042e+00	-3.567233042963490419e+01	2.318337329921953653e+02
3.394554852105153842e-01	5.524111884062348210e+00	5.052702416126164664e+00	-4.328260108211688362e+01	2.302062341765538349e+02
3.594554852105154019e-01	-1.113451929802065266e+01	-1.335657495564721842e+01	-3.605015790015053767e+01	2.285682015281475685e+02
3.794554852105153642e-01	-2.750421156700803671e+00	-1.731324803905612342e+01	-3.050255077158485051e+01	2.150498331128652296e+02
3.994554852105153819e-01	5.900686518670108072e+00	-7.376370111795101714e+00	-4.414359824959066714e+01	2.215438899442670788e+02
4.194554852105153997e-01	9.555560190677915955e+00	-6.769528457987157744e+00	-4.097930813948376993e+01	2.083333712228053400e+02
4.394554852105153619e-01	-1.831527092872984497e+01	1.210704331883385976e+01	-6.210070637193966547e+01	2.140752793516284669e+02
4.594554852105153797e-01	-3.149866346200220324e+00	1.517039994717531926e+01	-5.079071000161695082e+01	2.045073908240138110e+02
4.794554852105153975e-01	-7.195611193443944842e-01	-2.881915861437349236e+01	-3.447525823985988325e+01	2.166938281252153047e+02
4.994554852105153597e-01	-2.614157995479408925e+01	-2.521041693760627922e+00	-9.205573327119942917e+00	2.011493558293890374e+02
5.194554852105154330e-01	-5.615708949970823483e-01	1.818004302226503555e+01	-2.927771853455778839e+01	1.851596002990446834e+02
5.394554852105154508e-01	3.536569662626087052e+01	-1.590760246463932859e+01	-9.162683191826914708e+01	1.848304327734007302e+02
5.594554852105154685e-01	-2.401434230627454980e+00	-1.460672683602050803e+01	-2.364276271081003600e+01	1.413525235030708416e+02
5.794554852105154863e-01	1.316010186954081362e+01	7.483304541786930031e+01	-8.361780928635222665e+01	2.293165374814536221e+02
5.994554852105153930e-01	-5.246427930825060315e+01	1.047443262736487668e+01	-4.371482469605204813e+01	9.131707569001362401e+01
6.194554852105154108e-01	-7.408734817317744614e+01	-6.066548883601208075e+01	6.854941041945713209e+01	1.995881058000475434e+02
6.394554852105154286e-01	1.177253057437095052e+01	-8.461387728903599026e+00	-7.151030715981809394e+00	8.225844219598216966e+01
6.594554852105154463e-01	-3.897331698459392157e+01	-3.797311041037190193e+01	-4.338406048138212157e+01	1.119725899581127635e+02
6.794554852105154641e-01	2.735890840242791455e+01	-2.263136365538715111e+01	-3.870689510660304222e+01	8.245367454600119572e+01
6.994554852105154819e-01	2.700151600030949339e+00	2.097369129913277064e+01	-6.785772287100552802e+00	6.131395354281390553e+01
7.194554852105154996e-01	-1.684912653888265410e+01	1.015084275413148163e+00	-4.505917528426895302e+01	5.002998605991614056e+01
7.394554852105154064e-01	-4.340391651229583658e+01	4.783753702300600708e+00	2.887109433353180066e+01	7.483411576957676914e+01
7.594554852105154241e-01	2.963937539460797410e+01	2.152660646094591357e+01	1.355469439908241469e+01	1.100616078149667487e+02
7.794554852105154419e-01	7.558090902278976841e+01	9.478624868691742478e+00	1.774062320611361798e+01	1.066055304953741540e+02
7.994554852105154596e-01	-4.299328133100061677e+00	-9.432837629443383776e+00	3.870560939394636080e-01	3.070369777934856970e+01
8.194554852105154774e-01	-1.762204732079408132e+01	3.647658712581808516e+01	-6.861742748600468644e+01	1.029449103280047524e+02
8.394554852105154952e-01	7.145773595862556249e+01	-1.295611586479935795e+00	-8.807834068208467215e+01	8.984748598302175537e+01
8.594554852105154019e-01	-4.963177763856947422e+00	-4.762317113636527210e+01	-2.402592043473850936e+01	6.282938467628107304e+01
8.794554852105154197e-01	1.323521798682826045e+01	-3.181380094453731289e+01	1.130187015032861453e+01	7.967046303141036390e+01
8.994554852105154374e-01	8.548018398869317025e+00	5.029104498797096312e+00	-8.136445657233707607e+00	9.917686756861680664e+00
9.194554852105154552e-01	-4.898178379840101115e+01	-1.276038605131907389e+01	-4.442401959421113133e+01	1.160431181566600998e+02
9.394554852105154730e-01	3.325349154765717685e+01	4.257773108023684472e+01	-2.546955197490751743e+01	6.375833743862821024e+01
9.594554852105154907e-01	6.403116826971140085e+01	-3.325450215222857508e+01	7.633661654525592155e+01	1.839868891297569462e+02
9.794554852105153975e-01	5.361530369732645340e+01	-1.116399070671468507e+01	9.743909940603771247e+00	9.427345336868151549e+01
9.994554852105154152e-01	-2.187544845620868728e+01	9.872509327135048807e+00	-6.256783225864637643e+00	3.490090907853507929e+01
1.019455485210515322e+00	8.593106467742472887e+00	7.049131991108879447e+00	6.789507396111730486e+00	1.111448337054098801e+01
1.039455485210515340e+00	3.303901336269336753e+01	6.094220042176311836e+01	5.578436460037482902e+01	2.267504006703113930e+02
1.059455485210515358e+00	-3.312872589629841968e+01	-4.789737600383038796e+01	-2.713665094197494909e+01	1.174089245186125936e+02
1.079455485210515375e+00	-7.374521507008466870e+00	-2.111802785133477300e+00	3.189638587995432317e+00	7.670937260897650489e+00
1.099455485210515393e+00	-3.177696892671519890e+01	6.992902564466930926e+00	-7.537800439866259694e+00	3.886169310775277097e+01
1.119455485210515411e+00	4.534056612814310938e+01	2.294528127723606303e+01	2.522795420474722050e+01	9.913729058574568853e+01
1.139455485210515429e+00	0.000000000000000000e+00	0.000000000000000000e+00	0.000000000000000000e+00	0.000000000000000000e+00
1.159455485210515446e+00	0.000000000000000000e+00	0.000000000000000000e+00	0.000000000000000000e+00	0.000000000000000000e+00
1.179455485210515242e+00	1.116897743046865799e+02	-7.632965411094482988e+01	-2.326831191009841859e+01	2.019458402151967960e+02
1.199455485210515260e+00	-2.354369204071311472e+01	1.914830821019131690e+01	-4.394282672922900090e-01	5.953986046395889531e+01
1.219455485210515278e+00	-1.376118718297220767e+01	-3.878045527439098805e+00	3.200433071993757039e+00	1.429718538026589769e+01
1.239455485210515295e+00	1.861956305095615605e+01	-6.290031259704846889e+00	-3.037458303398064530e+01	4.898321579730581732e+01
1.259455485210515313e+00	-1.683033877194975503e+01	7.013817197497701272e+00	6.279375103040365502e+00	2.432762076921498817e+01
1.279455485210515331e+00	-1.714767176404711790e+01	-4.444818983116419986e+00	-1.256278042949270457e+01	2.580256819046325489e+01
1.299455485210515349e+00	-2.816780508140800521e+01	-4.438226083299377933e+01	-9.605905021016951650e+00	6.597462577493888602e+01
1.319455485210515366e+00	0.000000000000000000e+00	0.000000000000000000e+00	0.000000000000000000e+00	0.000000000000000000e+00
1.339455485210515384e+00	-1.459512472408823669e+01	1.306849324519862421e+01	-2.675412936005159281e+01	7.213511993533228406e+01
1.359455485210515402e+00	-6.468458516569808125e+01	-3.258186274464242160e+01	-1.902650117909070104e+01	7.242702077242419989e+01
1.379455485210515420e+00	6.830962567764800042e-01	1.740995478146942332e+00	1.248160989457392134e+01	1.637893495546359546e+01
1.399455485210515437e+00	-7.837401833280455321e+01	-1.877842066320590675e+01	-7.022673599212430418e+01	8.141420688778676151e+01
1.419455485210515455e+00	6.690230523818172514e+00	7.116346855764277279e+00	9.878000804746989161e+00	9.767373087651279207e+00
1.439455485210515251e+00	4.344216161174699664e+00	-1.798599001485854387e-01	8.536521099740639329e-01	4.347937860491212447e+00
1.459455485210515269e+00	-4.140011318367517568e+00	1.944076565064218087e+01	-3.365158629322347217e+00	2.797838545697960200e+01
1.479455485210515286e+00	1.271412550751119852e+01	-1.229389689795789309e+01	3.335511486238101497e+01	2.457239595779364905e+01
1.499455485210515304e+00	2.257635312224738300e+01	5.971139346540439874e+00	2.093667722202371806e+01	4.508129980007406346e+01
1.519455485210515322e+00	-1.779141180525766686e+01	2.518942309694830328e+01	-3.324709323176648468e+00	5.383305166555211230e+01
1.539455485210515340e+00	-4.824116377712925896e+00	-1.673800207476597279e+01	-2.648509942652890459e+01	4.774997489486470670e+01
1.559455485210515358e+00	-8.765594132244586945e+00	-7.616747389984084293e+00	8.544103581516537815e+00	1.349726844853934971e+01
1.579455485210515375e+00	9.934315717400750145e+00	-6.021702354773879051e-01	-1.169369349576300010e+00	1.874777666141887522e+01
1.599455485210515393e+00	-1.908230180683312938e+01	-7.885521296993829310e+00	1.989370244124438614e+01	3.050622095912725484e+01
1.619455485210515411e+00	-4.496122657961677760e+00	2.258827866695355624e+00	1.020122642011847347e+01	5.031642106389908164e+00
1.639455485210515429e+00	-8.305870623599426850e+00	-1.127839719457551837e+01	8.482169666560366750e+00	3.401483117117250998e+01
1.659455485210515446e+00	1.551196495012845844e+00	-4.726817838178249076e+00	-3.928233234444633126e+00	2.593134977613517478e+01
1.679455485210515464e+00	3.814096353337906464e+01	-2.389281234425531153e+01	4.359861784284779418e+01	5.281912387656625896e+01
1.699455485210515260e+00	-7.562035949027631432e+00	-2.692053182682138868e+01	4.640244513371726498e+00	4.530637229260650400e+01
1.719455485210515278e+00	-5.813236113385453763e+00	-3.531401344679761678e+01	-2.014583167187326396e+01	5.491944591341075466e+01
1.739455485210515295e+00	0.000000000000000000e+00	0.000000000000000000e+00	0.000000000000000000e+00	0.000000000000000000e+00
1.759455485210515313e+00	-2.170709356822771952e+01	9.960600553895346820e-01	-5.570903089421335608e+00	2.173044832067538579e+01
1.779455485210515331e+00	-2.627662978554144502e+01	5.904593091152491979e+00	4.251622917706845328e+01	4.079763193567500679e+01
1.799455485210515349e+00	-4.676641184138134122e+00	1.252978080369454617e+01	-6.323318499295663031e+00	6.316627338985018270e+01
1.819455485210515366e+00	2.271625045908149332e+01	-2.373630279785720631e+01	3.456512828916311264e+01	4.640160014885879036e+01
1.839455485210515384e+00	-1.657066392147680745e+01	-1.540625830288627185e+01	-4.506837081100093201e+01	4.747324755196449786e+01
1.859455485210515402e+00	7.503477866994217038e-01	1.451226500543998554e+01	-3.151509356335736811e+00	5.661913943568220731e+01
1.879455485210515420e+00	-1.267737233487423509e+00	-2.545444737892830744e+01	3.175659731621271931e+01	8.578690760596001041e+01
1.899455485210515437e+00	2.383692360977875069e+01	-3.864549612665238332e+00	4.226317328917017591e+01	4.279810082170725138e+01
1.919455485210515455e+00	3.541669637954328209e+00	2.236654885462485254e+00	1.418268759630154818e+01	1.759956003530376734e+01
1.939455485210515251e+00	-8.636111397354397923e+00	-5.984996461639336296e+00	2.493328110411918264e+00	3.777530389833531643e+01
1.959455485210515269e+00	-2.137064000417012721e-01	1.433465884576435201e+01	2.875492608491913415e+01	4.458492324701127529e+01
1.979455485210515286e+00	1.841680418254691176e+01	-1.647369761485606432e+01	1.465486785766552202e+01	2.808184936571897339e+01
1.999455485210515304e+00	-1.095731647153539967e+01	-1.130582475959090516e+01	-9.011053327800862434e+00	3.739734871245168790e+01
2.019455485210515544e+00	9.567964780004695413e+00	-1.568522067592712155e+01	-1.033054140210151672e+01	2.408979315466434201e+01
